https://stackoverflow.com/questions/47001872/recursive-fibonacci-assembly

and within trivia max recursion is for n: 47

 n     fib(n)      # calls

 0          0            1
 1          1            1
 2          1            3
 3          2            5
 4          3            9
 5          5           15
 6          8           25
 7         13           41
 8         21           67
 9         34          109
10         55          177
11         89          287
12        144          465
13        233          753
14        377         1219
15        610         1973
16        987         3193
17       1597         5167
18       2584         8361
19       4181        13529
20       6765        21891
21      10946        35421
22      17711        57313
23      28657        92735
24      46368       150049
25      75025       242785
26     121393       392835
27     196418       635621
28     317811      1028457
29     514229      1664079
30     832040      2692537
31    1346269      4356617
32    2178309      7049155
33    3524578     11405773
34    5702887     18454929
35    9227465     29860703
36   14930352     48315633
37   24157817     78176337
38   39088169    126491971
39   63245986    204668309
40  102334155    331160281
41  165580141    535828591
42  267914296    866988873
43  433494437   1402817465
44  701408733   2269806339
45 1134903170   3672623805
46 1836311903   5942430145
47 2971215073   9615053951
48 4807526976   ...
