-0.781021
1.395911
-0.541186
3.069030
0.044617
0.927211
2.132988
0.840717
0.528893
-1.528036
-1.639863
1.013749
0.536077
0.644883
-0.172756
-0.342664
0.734934
1.207792
-0.804787
-0.450739
0.268953
2.694879
-0.644891
0.048380
-0.761787
-0.430695
-0.955526
0.755062
-1.265493
-1.322383
0.207830
0.183425
1.109077
-1.040277
-0.672681
-0.230199
-0.986591
-0.237407
-1.225748
0.516158
-0.825454
0.080584
-2.926258
0.546876
0.324861
-0.846611
-0.164578
1.300940
-0.977065
-0.065767
0.845488
0.042513
-0.971512
-0.413934
0.518923
0.964675
0.813897
-0.156228
-0.349144
0.586500
0.818617
-0.132848
-0.952866
1.138472
0.573920
0.420400
0.763369
-0.403351
0.517585
0.704114
0.144004
-0.968528
0.470806
-0.899891
-0.323010
-0.453200
0.068330
0.105259
0.110573
1.171556
-0.712011
1.149422
2.078801
0.737991
0.679518
1.371628
0.041180
-0.509299
0.077891
-0.243305
-0.613245
-1.250792
0.027760
-1.368783
0.918360
-0.048295
0.619629
1.307617
-1.171889
-0.544004
0.275471
0.951422
-0.175366
-1.068622
0.412416
1.679499
0.532626
-0.423128
1.316889
1.556651
-0.836379
-0.665351
-0.553004
0.094375
-0.515244
-0.892165
0.783508
0.504206
0.120943
-0.055594
-0.704305
-0.466431
-0.293453
-0.289388
-0.174217
0.492461
-1.771871
-0.691131
-0.823812
-0.486840
0.156767
0.530383
-0.882482
-0.779004
0.754306
-0.127911
-0.226027
0.656479
-1.128070
-1.926760
-0.450041
0.063279
-0.844883
0.254268
2.662610
0.401237
-0.902503
1.832761
1.055462
0.838479
-0.558349
0.540361
1.356003
1.998688
1.409799
-0.890130
-0.028545
-1.809736
-0.460569
-0.608634
1.879641
0.827186
0.246006
0.118209
0.485811
0.227163
0.116028
1.411408
1.329976
0.382659
1.946524
-0.367062
-0.404316
-0.982327
0.759519
-0.773965
-0.383709
0.358870
0.698160
0.141802
0.229540
-0.630143
0.480999
-0.835271
-2.003429
-0.952525
0.470316
-1.339656
0.652030
-0.062202
0.216976
-0.233224
-0.988149
-1.420147
0.412585
-0.148612
0.920601
0.240575
-0.130722
1.654233
-1.404154
-2.305103
-0.591965
0.939855
0.656811
0.263550
1.057008
-0.019054
0.377458
1.628542
-0.355443
0.608708
-1.180126
-0.381483
0.583328
0.234974
0.204362
0.721331
1.060012
0.791560
-0.335381
-1.013058
0.155949
-0.161993
-0.902081
-1.391648
2.127042
2.296892
0.387588
-1.937309
0.225196
-0.418254
-0.492377
-0.830725
1.602862
-2.638705
-0.495469
-0.900481
0.744273
-0.067115
-0.400918
0.059590
-0.355279
1.070412
-1.286569
0.136567
1.230049
-1.581247
-0.096601
-0.367571
0.546522
0.618102
-0.480585
0.624320
-0.434382
0.766336
-0.594546
-1.160954
-0.773178
0.162836
-0.943657
1.816816
-0.041051
-1.287268
1.650297
-2.646525
1.211594
0.457531
-0.844801
0.898168
0.664382
0.134809
-0.873574
0.616142
-1.029143
-0.232872
-1.914649
-0.376091
2.408140
0.639674
1.379586
0.075204
0.064040
-0.821431
0.071750
0.203499
1.015844
-0.275686
-0.464395
-0.240784
-0.357581
0.748852
-0.803182
0.046023
0.523076
-0.696079
-0.012172
0.472708
0.393450
0.406197
0.465852
-1.518089
-1.691301
2.056543
-0.746525
-0.027282
0.466987
0.865737
-1.005228
0.738560
-0.863330
0.130691
-0.266289
0.614584
-1.826611
1.786855
-0.006271
1.406670
-0.601173
0.042782
-0.972420
-0.112659
-0.675210
-0.444003
0.824210
-0.853529
2.136281
0.322342
-0.030324
0.407617
-0.348445
-1.185988
-1.033031
1.115307
0.205062
1.234029
-0.169377
-0.097873
0.802345
-0.812603
-0.872351
-0.448490
0.571904
0.175169
0.542953
0.507708
1.005445
-0.720618
-0.624892
1.204228
-0.534259
-1.497404
0.925650
-0.379070
-0.191225
-0.805699
0.791780
-1.112488
0.360011
0.586314
-0.970632
0.036590
0.956585
-0.138340
-0.346426
1.639053
0.666327
-0.416435
-0.225354
-0.935908
0.826195
-1.302029
-0.753205
1.392195
-0.149594
-0.290459
0.252298
0.703931
0.096783
-0.382091
0.339734
0.024865
-0.983015
0.921857
-0.833300
-0.291069
-0.447092
-0.569206
-0.613379
-0.332040
0.327232
1.072963
0.827157
-0.950816
-0.294010
-0.499753
-1.879723
-0.236058
-0.130445
-1.874893
-0.000543
0.062529
0.576869
-1.892797
-0.285648
-1.092010
-0.728882
1.933249
-1.502501
-1.030660
1.149146
0.202354
-0.682666
-1.391709
-1.051748
1.039567
-0.680804
0.785773
1.406898
-1.331847
1.288619
0.035838
0.571291
0.481656
-0.684404
-0.302209
0.685779
0.088326
0.566417
-0.891502
0.737488
0.272372
0.844621
-1.324882
1.426498
0.038578
-0.600891
-0.186508
1.918844
-0.927015
-0.788163
-1.178911
0.846271
0.932325
-1.861803
0.293902
-0.498303
-0.152887
-0.124189
-0.169047
-1.520131
0.562581
0.649521
-0.932144
0.830916
-0.727411
0.602660
0.314749
0.726670
-1.431442
0.317259
-1.379632
0.104590
2.469384
-0.795280
0.575199
-0.015783
1.261334
-2.451413
0.672603
-1.445105
-0.470508
1.186151
-0.049841
1.092644
1.552164
-0.481091
0.784347
0.307880
-1.192402
1.283444
-0.230065
0.683884
-0.547151
-0.739748
-0.606765
-0.899995
-0.314559
0.457506
0.649120
-1.227299
0.988304
-0.231240
-0.500206
-0.330916
-1.332697
0.072671
0.081211
1.558213
-1.844780
0.600606
-1.068883
0.129541
0.611452
-0.856335
-0.025048
-0.901441
-1.549882
1.605311
-0.213333
1.683130
0.336819
0.619252
1.206059
-0.813393
1.928763
-0.674527
-0.350720
0.590053
1.163429
0.468000
-0.831768
-0.252978
-0.114150
-0.502663
-0.535856
0.696074
-0.486863
-1.447483
-0.223664
-0.098380
-0.231177
0.367545
-0.539071
1.447831
0.035266
-0.117351
0.126211
0.348426
-1.575926
0.297421
-0.231844
0.053156
0.407315
-1.194462
1.098394
-0.582561
1.146750
0.630120
-1.495378
0.127207
-0.195134
-1.101960
0.485325
-0.148647
-1.021973
-1.777306
-0.213510
-0.279477
1.036692
-0.620578
1.020081
1.505501
1.231244
-1.878922
0.545871
1.585888
0.181112
1.481068
0.452395
0.983601
1.347253
-0.171689
0.204573
-0.204185
0.208348
1.517177
-0.012219
0.763097
0.395565
0.066714
0.117303
-0.084381
-0.167449
-1.768930
-0.705270
0.175600
-0.978797
0.839472
0.079759
-1.272081
1.141278
-1.383541
-1.262508
0.790206
0.236574
-0.092745
0.068912
-0.744480
0.560062
-0.228072
1.194051
1.763519
-0.772453
-1.972853
0.833435
-1.304927
0.128654
-0.184846
-0.768973
0.024674
2.350136
-0.220282
2.027989
0.303743
-0.550657
1.040404
0.686578
0.510691
0.803454
-1.650556
-0.736784
-0.219958
-0.965407
-0.907083
-2.468802
0.385986
-0.141461
0.569876
1.548733
-0.728270
1.811706
1.390871
0.888284
1.024745
-1.551063
1.178682
-0.306569
-1.864865
-1.628464
-0.996865
0.057121
0.434749
0.152184
-1.573573
-0.213262
-1.160116
0.070941
0.785282
2.168715
0.715359
-1.097816
-2.237582
1.543115
0.973669
-1.310816
0.452866
0.880343
0.340405
-1.770189
1.041868
1.290140
1.947338
-0.513276
0.320287
-1.549867
0.711506
0.596844
-0.905845
-0.299549
0.993562
-1.437018
-0.292647
-0.168879
0.077147
0.838004
0.869864
0.827583
0.555367
-0.577112
-0.378216
0.945594
-0.219695
0.427778
-0.353382
-0.084463
-1.063154
0.829892
1.338548
-0.445060
1.874212
0.794094
-0.371989
0.746727
-0.900375
-0.447937
1.914368
-0.742276
-2.322117
-0.083525
-0.866464
-0.734933
-0.055156
0.190155
-0.922081
-0.117593
1.840575
0.841794
1.861366
0.451875
0.113358
0.649027
0.554459
0.953934
-1.309279
-1.648582
0.132082
-2.235619
0.445365
-0.076313
0.341348
0.840537
0.650310
-1.098866
-0.616486
-0.456412
-1.498426
0.857440
-1.578093
0.706253
-1.016452
1.998949
-0.537732
1.043103
2.013163
1.582364
0.847777
0.731614
-0.058617
0.072458
1.973518
0.315611
0.335064
-0.705344
0.175315
-1.477906
-0.968666
1.192228
-1.737459
-2.197227
0.015230
1.564945
-0.422931
0.614591
-1.287447
-2.192224
-0.326427
-0.304008
0.326709
-1.480396
-0.231469
0.155601
-0.946501
0.707220
-0.826353
-1.239117
-0.736543
0.206194
-1.454461
0.415307
-1.507774
0.570533
-0.682838
-0.621425
1.863138
-0.284051
-1.337824
0.890419
-0.480540
-0.214506
-0.785439
-0.225252
0.632398
-0.381536
0.350033
0.511698
-0.143914
-0.220439
0.654433
-1.918063
0.564361
0.002597
-0.238707
0.969288
1.371091
0.814344
-1.088482
1.515485
-1.936587
-0.693573
0.850945
-0.456116
0.823435
2.049013
0.981746
1.049192
1.322750
0.249172
-0.594422
-0.808478
1.154528
-0.907111
-0.902767
-0.640368
-0.695085
-1.829776
-0.230832
-0.243442
-1.231216
0.430589
-0.458002
0.577831
-1.095622
0.579311
0.374858
-1.416950
-0.199140
1.077291
0.896460
-0.417088
-0.388325
-0.469977
0.061512
0.106534
0.805342
-0.008803
-0.830635
-1.319911
-0.822141
1.073129
-0.723360
1.031983
-1.328341
0.019997
-0.281567
-1.582545
-0.170572
0.270815
1.954332
0.863189
0.230529
0.657044
-0.134422
1.067499
-1.188735
0.488539
1.379229
-0.932743
-0.855298
0.603252
-0.248290
-0.938166
1.777965
-0.186487
0.394892
0.407530
0.305383
-0.929912
0.323784
0.195683
-0.428928
0.569995
-0.372228
-0.412695
0.308042
0.136480
-1.621827
-1.416783
-0.943967
-1.166850
1.766994
0.487550
-0.859698
-0.658170
-0.325448
0.807821
-0.795501
0.172163
1.233171
-0.851660
-0.560888
0.360109
0.144882
-1.007612
1.318669
-1.139749
1.086351
0.152219
1.312907
0.501262
1.864645
0.842878
-0.649469
0.165139
0.642246
-0.352218
0.145976
-0.308515
0.030616
-1.005431
-1.943717
1.122164
-0.083872
0.047589
1.057499
-0.796019
0.829735
0.156630
0.432362
-0.118584
-0.664702
1.041557
0.145454
-0.643245
1.507796
-0.068860
-0.468210
-1.044717
-0.871633
1.200885
0.070968
-0.782384
1.895652
0.542661
0.842321
1.060819
2.198759
-1.540417
-1.048238
-0.069952
-0.575061
0.392528
-0.865001
-0.071401
-0.832810
1.491830
0.923269
-1.554654
0.049313
-1.041436
-1.300737
1.028255
1.155747
0.378382
-1.414865
-0.438558
0.071905
0.009261
-0.110767
-1.352178
1.106456
-0.899594
-0.927726
0.339905
0.062935
0.898349
1.533658
-1.137029
-1.264283
-0.470653
-1.662806
0.917934
-1.949016
-1.531038
0.612197
-1.512466
0.335099
1.116379
-0.131872
-0.491039
-0.654003
-0.520269
-0.206601
0.860200
1.352385
1.865871
0.053970
1.573960
-0.410659
1.656561
-0.614062
0.223382
-0.220437
-0.818314
1.300881
1.866927
-0.403225
-0.586918
-0.044303
1.497397
0.695696
0.832993
-1.176342
1.397293
0.744951
1.642340
0.176490
1.004807
-0.112533
-1.474459
-0.519973
0.846645
-0.542389
0.097065
0.313172
0.705112
0.529267
0.127199
0.765094
-0.222835
2.537965
0.185749
0.159118
1.430387
0.949386
1.197542
-1.456865
0.196308
0.255082
0.129569
0.094132
-0.683478
0.905562
2.232315
-0.671752
-1.440747
-0.093168
-1.258901
-0.780893
-1.940464
1.726492
-0.983775
0.765572
0.398152
1.679604
0.288795
-0.487475
-0.736464
-1.083996
0.880816
-0.133353
0.526676
0.240474
0.552243
-1.438385
-0.558512
0.983935
-2.049946
-0.676889
-0.169626
1.909791
0.846143
2.065736
0.540248
-1.375792
-0.213667
-0.036787
1.693733
-0.696851
-1.096564
0.171557
0.398983
1.671403
0.078901
0.380091
-0.989410
-0.169726
-1.291869
-0.562733
1.312539
1.175318
2.201071
-1.811576
1.496988
-1.102624
-0.645630
0.901095
-0.542467
-0.431996
-0.573615
0.343899
-0.034671
1.103833
-0.168722
-0.490774
-1.112741
0.006423
0.430769
-3.461555
0.270368
1.435413
1.257581
-0.164424
-0.765598
-0.448741
-0.158000
0.510589
-0.169551
0.509752
-1.166354
0.406778
-1.430566
-1.301277
-1.232096
0.506534
-0.238750
0.252112
-2.160711
0.315867
-0.699933
0.784697
-2.044978
1.170906
-0.041330
0.328272
-0.151051
-0.432812
0.559590
-0.021835
-0.350732
-0.382647
0.791564
2.133762
0.700841
-0.043312
0.094641
-1.300876
1.160377
-1.377163
0.499187
-0.289173
0.802212
0.066031
-0.699611
-0.141087
2.198244
0.310021
0.267126
1.158547
0.601963
1.089463
-2.237818
0.135887
-0.962074
-0.307293
1.490596
0.713913
-1.088738
-0.083425
-1.127254
-0.461800
-0.783584
0.172153
1.115185
0.875052
2.566279
0.712425
0.276550
-1.265398
-1.003872
0.057688
-0.391603
0.093190
-0.001322
0.965087
-0.472193
0.439771
-0.342944
-0.975607
-1.934202
-0.836272
-0.869516
-1.415052
-0.097429
-0.125848
0.508912
1.174318
0.759209
-0.908150
0.664290
-0.428872
-0.140363
1.824092
-0.375954
0.078191
0.244244
1.534347
0.687205
0.806177
0.191460
-2.553545
-2.160028
0.802955
-0.295851
-1.048401
0.167354
1.851780
0.157325
-0.836121
-0.682601
1.041498
-0.929550
-0.375552
0.731601
-1.661796
0.015774
-1.283637
1.094718
0.190890
0.541077
1.678250
0.850849
-0.755680
-0.185986
0.829996
-0.849359
0.195358
-1.046166
1.312662
-0.419744
-1.224223
1.107698
1.451459
0.685491
-0.494454
0.010573
2.025766
1.450722
0.152141
-0.664516
0.239469
-1.909102
-0.409415
-0.095369
0.140806
-0.190400
-0.407917
0.190502
-1.830698
1.693855
2.036781
-1.435689
0.637362
0.607313
-1.127146
0.135405
0.865344
-0.726738
2.357523
0.378877
1.017675
-0.540470
-0.065069
1.323177
0.516555
-0.224963
-0.478234
-0.009309
1.244800
0.108401
1.677925
0.415186
1.130987
0.178203
2.783407
-0.672889
-0.550056
-0.997424
1.842257
-0.187161
0.761914
-0.894354
1.230404
0.376345
-0.607252
-0.301238
0.509081
1.237200
0.702338
-2.031659
-1.469482
-0.315668
1.128505
-1.869086
0.315357
-0.409757
-1.239885
0.504288
-1.494050
-0.659378
1.023021
1.311992
-0.266777
-0.187243
-0.431808
1.247159
1.949830
0.271684
2.582972
0.427821
0.683934
-0.756099
-0.217006
-0.750842
0.924939
-0.003370
0.018552
0.906203
-1.814658
-0.001914
-0.145929
-0.338576
-1.217992
0.569101
-0.066009
0.121563
-0.178715
0.136007
0.939348
0.654340
0.354906
-0.756827
0.523887
1.530645
-0.909009
1.970283
0.441584
-1.027517
0.324254
0.260343
0.992743
-0.342815
0.639096
-1.373114
0.642528
0.280412
-0.666278
-1.026148
-0.043292
-0.599004
-0.368588
1.429215
0.681149
-0.590100
-0.822074
0.840768
0.495261
-1.092423
0.525522
0.628744
-0.245127
-0.859249
2.038366
-0.970334
-0.385804
-0.609163
1.060686
0.680278
1.191639
0.394438
1.311965
1.632270
0.057749
0.952642
-1.425775
-1.204179
-0.766062
0.720614
-0.566757
0.164774
-1.454876
0.721716
-0.293534
0.072483
0.584012
0.144152
-0.255553
-0.084236
-1.627558
-0.006086
-0.517447
0.558015
-0.909962
1.383376
1.136909
0.732553
0.420649
-1.260488
0.615268
-1.077493
0.193551
-0.873045
-0.799616
-0.440220
-2.174689
0.065281
0.889466
0.263505
-0.190861
0.212838
-0.340710
0.459698
-1.475653
0.274315
0.595835
-0.198366
0.466088
0.167683
-0.630965
-1.404265
-0.826812
1.032113
-1.132031
0.785181
-0.711388
0.796370
0.564795
0.119346
-0.777181
-1.433883
-1.718601
0.058847
0.943844
0.443987
-0.775974
0.514537
1.453199
0.822153
0.482177
-0.139132
0.857041
0.131504
0.409843
-0.634265
0.268572
-0.661698
-0.281576
-1.398360
1.289523
1.379174
1.803937
0.237266
0.760181
1.038303
-0.851588
-0.551835
-0.562559
0.327954
0.762275
0.069033
0.544561
0.397932
1.094621
0.420810
0.060859
1.193251
0.963958
1.153746
0.389018
0.550825
0.255424
0.867224
-0.887023
-0.993753
0.280411
-0.092936
0.324169
0.593325
0.099014
-0.904288
-0.020389
-0.340127
-0.731789
1.045713
-1.499703
0.841076
-1.312053
3.127953
-1.861799
1.123983
0.470143
-0.920863
-0.143042
-0.463441
-0.821984
-0.195464
0.862371
-0.495779
1.016434
-1.979614
-0.373490
-0.444161
-0.472061
-1.171740
0.039929
-0.846698
0.321769
2.630551
0.239223
0.079591
0.884382
0.877330
-0.876601
-1.092546
2.508497
-0.386380
-2.144121
0.153825
0.493847
-0.062355
-1.193798
-0.482878
0.704984
-2.989483
0.422922
-0.447657
0.482014
-0.076516
2.386677
-0.107621
1.149840
0.333219
-0.016101
0.445852
-0.749739
1.247966
0.225730
2.895404
0.125090
-0.851416
-0.120690
-1.585340
1.126197
-1.565775
0.790690
-0.796205
0.014986
-2.070293
-0.712323
0.163769
1.825867
0.401207
-0.408090
0.621699
0.009560
-0.641150
0.287785
-1.518522
-0.646773
0.222997
-0.330630
-0.445918
1.396852
-0.910313
-0.469662
0.004098
1.644645
1.257362
0.247446
0.741479
0.214899
0.599224
-0.578387
1.927560
0.653165
0.137365
0.053045
-1.363714
0.249380
0.080904
0.173268
1.441740
1.173788
-0.377819
-0.482026
-0.067871
0.233755
0.183082
-1.005676
0.867708
0.634485
0.253603
-0.198779
0.296220
1.593307
0.594008
-1.225298
-1.557502
1.831910
-0.209209
1.880411
0.563355
-0.775677
-1.016917
-1.354832
-0.675003
0.632734
-2.034065
0.448843
-0.378420
0.478586
-2.554744
-1.348062
0.377109
0.316243
2.967070
0.649698
0.857369
0.084325
-1.092445
-0.815027
0.391919
0.374007
-0.113614
0.861321
-1.797138
-0.627155
-1.049840
-0.004391
-1.409306
0.977466
-0.056104
-1.272953
0.266563
0.264516
-0.702199
0.797558
2.331690
-0.383857
1.240281
0.514821
0.742165
-0.285377
0.273336
-0.596071
-0.375314
-0.720662
0.402897
-1.274609
-0.356825
0.272209
0.483357
-0.238560
0.122417
-0.131919
0.467169
1.444140
1.081429
-1.803732
0.783686
-0.455083
-0.665129
0.785615
1.748001
-0.790550
0.376608
1.649582
-1.355953
-0.322672
-0.171643
-0.135519
-0.647935
-0.238949
-1.050617
0.553246
-1.238593
0.285836
-0.348993
1.809213
0.925985
-1.478081
3.100002
-0.492724
1.455519
-0.438807
-0.852411
-0.553528
2.604105
-0.731846
0.038698
-0.819608
-0.626980
0.768766
-0.100513
-1.149283
-1.406246
0.187849
0.411616
-0.105175
-0.125907
0.006462
-0.004392
-0.064011
0.455401
2.020238
0.201721
-1.159883
-0.798256
-0.200505
1.176588
0.386378
-1.156316
-0.487398
0.526825
-0.571921
-1.071804
-0.081047
1.374034
0.824454
1.185131
-1.215445
-0.611387
1.446494
-0.587835
0.990457
0.995837
-0.729860
0.092936
-0.001302
0.037452
-1.099374
2.056472
0.523650
0.730403
0.597049
2.341995
0.108009
-0.502680
-0.004939
-0.420505
-0.565479
-0.639172
0.138239
0.949777
1.394976
-1.716592
-0.885751
1.919872
1.374450
0.373290
0.570411
0.986161
0.227362
1.064117
-0.033888
-0.406031
-0.035533
0.217048
0.594581
-0.872420
-0.677827
0.164897
0.160025
-1.924013
0.654270
0.303338
0.605950
-1.534125
1.717834
0.271344
0.854892
-1.401300
-2.275513
-0.088840
2.042644
0.177091
0.082927
1.765684
0.864123
-2.036503
-1.093740
-1.893855
-0.410844
-0.373318
-0.920481
-0.407507
0.762238
-1.431438
-1.203980
0.938706
0.174611
-0.104662
0.173899
-0.136040
-0.339694
1.693699
0.380340
1.028159
-1.416040
1.316253
1.191734
0.211975
0.663050
-0.178987
0.025124
1.017463
1.218189
-1.585987
-0.040918
1.521135
-0.077500
1.233418
-1.075622
-0.407952
0.726149
-1.296964
0.599796
0.205450
-1.387539
-0.680043
0.157493
1.084983
0.060731
-0.047341
1.607112
-0.796658
0.012609
-1.348763
0.503776
-0.790564
-0.217534
2.437149
-0.322721
0.378156
-0.203233
-2.469310
0.961332
-0.058507
-1.138954
0.200447
1.019923
-0.658559
-0.323613
1.220880
0.158411
-0.084910
0.536233
0.902941
-1.046608
0.918187
1.280227
-1.498103
-0.506020
1.561546
1.539947
0.257794
0.033649
0.149608
-0.214711
-0.105691
1.651279
1.296896
0.223014
-0.392125
0.777580
-0.738649
-0.390434
0.696252
-0.174720
-0.261124
-0.540990
-0.527796
-0.865720
-0.011040
1.211731
0.597196
-0.040327
-1.665483
0.507688
0.018602
-1.317370
-0.486393
1.692492
1.609606
1.145631
-0.621727
-1.567720
-0.864267
-0.239068
-0.666819
-0.627664
-1.258757
0.915779
-0.988526
-1.487137
0.105545
-0.269475
-1.048224
-0.785883
0.369958
0.711460
-0.271007
2.616141
1.726432
-0.463992
-0.391725
-0.189211
0.565352
0.377111
-1.163359
0.274042
-1.821509
0.359231
-0.582035
-0.379525
1.113388
0.553231
1.159441
0.532760
-0.661010
-0.364792
-0.218894
-1.775913
-0.273716
0.330135
-1.337776
-0.496950
-0.881044
-0.074710
0.641904
-0.006554
0.374524
-0.467894
0.879694
-0.685043
-2.081289
0.684060
0.471075
0.364476
1.244522
-1.164226
-1.286821
1.919526
-1.071933
0.240660
-1.095477
1.995755
-1.609325
2.090685
-0.750798
0.460500
1.229613
-0.708636
0.612842
1.370267
1.135191
-0.506927
1.397888
0.488876
-0.803768
0.010229
1.855381
-0.907786
-0.301544
1.007369
0.508296
-0.317332
1.189812
2.300978
1.567057
-2.812999
-0.753283
-1.092078
-0.571021
0.499817
-0.262503
0.162389
1.338218
1.098186
-0.727130
0.730894
-0.774829
0.848516
-0.277256
1.452408
-1.412915
1.500444
-0.401645
-0.271165
-0.334272
-2.514986
0.123799
-0.918964
-0.951836
-1.641672
-1.310092
0.069803
0.423072
-0.006962
-1.631723
1.368421
0.263486
-0.843404
-0.634482
-0.041543
-1.024986
-0.418026
1.314892
-0.564985
2.012598
0.865887
-0.669914
-0.908323
0.774040
-1.345802
-0.203991
0.951896
0.891817
0.778495
0.778234
0.546509
-1.678258
1.332719
2.173268
-0.961897
-1.549501
0.055267
0.581987
-0.861807
-0.627099
1.640069
-0.163126
-1.237258
-0.943842
0.422606
1.611175
1.378187
0.239418
-1.384149
-0.891295
-1.097247
1.162088
1.112699
-0.471697
-0.128428
-0.517642
-0.980749
1.489744
-1.119326
0.306883
0.618991
1.793903
-0.747472
-0.326296
-0.942888
0.618470
1.776240
-1.492314
0.226120
-1.214772
0.294125
-0.777637
0.461852
-0.186762
0.543836
-1.707787
-0.327290
-1.423881
2.312788
1.754158
-0.603723
0.606886
0.830779
1.008807
-0.824455
-1.002106
1.074242
-1.777672
0.941214
-1.078996
-1.653453
-0.148622
-0.299906
1.077054
-1.498079
-0.032322
0.972736
-2.111072
0.778586
0.818443
0.536777
0.481862
0.033178
0.295166
-1.454427
-0.885678
0.973854
-0.899847
1.528808
0.012313
-1.904675
0.933495
-0.041728
1.054538
-0.169987
-0.071735
0.430013
0.590420
-2.298859
-0.589222
-0.620572
-0.330415
0.430398
1.216243
1.683805
0.702780
1.430752
-0.359563
0.543800
0.061998
-0.304599
0.032628
-0.475045
-0.688058
1.416971
0.376681
2.175111
-0.957713
-1.483097
1.128682
-0.734771
0.063915
0.072245
0.922119
0.908343
-0.917490
1.161428
-1.070692
1.925089
2.251835
-0.275307
0.260371
2.472149
0.071126
-0.285774
-0.708949
-0.244641
-0.587010
1.143655
0.501464
-0.384163
-0.599175
-0.474913
0.827084
-0.679342
1.231303
0.633773
1.427688
0.733232
0.073923
0.456860
0.856373
0.927033
0.819756
-2.214569
-0.755481
0.979847
-0.736978
-0.774724
-0.698556
0.200207
-0.528408
-0.487750
-1.333031
-0.454375
-1.296236
-0.683123
0.167851
1.175748
-1.131555
-0.091789
-0.653937
-1.326424
0.654512
-0.400301
0.612389
-1.961209
-1.742650
-0.698128
0.589853
1.093230
-0.786394
-0.266107
0.598371
-0.974502
1.087553
0.902992
1.686401
1.105005
0.184330
-2.680277
-1.333441
1.622291
-1.242245
-1.063279
-0.818565
0.073026
0.846557
-0.210937
2.550952
0.812817
-0.773011
-0.308573
-0.361438
0.796520
0.191589
-1.217665
0.352495
-2.134839
-0.150279
0.439933
0.764636
-0.324368
-0.777475
0.164835
0.867040
0.012950
1.211367
-0.841865
-1.712104
2.026992
-0.092571
0.494103
-0.814822
-0.304249
-0.548213
1.167379
0.086789
0.079397
1.149138
0.282825
0.279068
-0.683582
0.154266
-0.098118
0.919726
0.056722
0.755610
0.689487
-0.515284
-1.847508
-0.592527
1.223194
-3.010343
-2.674586
-0.086447
-2.046552
-0.717496
-0.671468
1.996127
-0.769367
0.354284
-1.234471
-0.484244
0.192138
-1.316545
1.935502
-0.973354
-0.937109
-0.674228
-1.466895
2.012062
-0.465442
0.593505
1.394860
-0.542073
0.905360
-0.975027
0.131924
-0.351234
0.591687
1.202442
0.115907
-0.408516
-0.668782
0.516497
-1.322625
-0.136035
-0.076107
0.612929
-0.794286
-0.560220
-0.580828
-0.308683
-1.738465
-0.229163
1.730826
0.331545
1.656399
-0.054015
0.413319
-0.742224
0.036860
1.966279
-0.732184
-0.247430
0.582213
0.751710
-0.420938
0.057131
-1.263678
-0.452029
1.148715
0.647276
0.865562
-1.365227
0.252726
-1.704248
0.944972
-0.573334
-0.886904
-0.659779
-0.069598
-1.052813
0.382969
0.102357
-1.042377
-3.370316
-0.639896
-0.150998
-0.061846
-0.742724
0.769339
-0.239681
-0.970044
-1.136233
-2.436765
-1.467909
-1.384731
0.493834
1.314646
-0.824422
-0.095125
0.196877
-0.530170
-1.141657
0.632978
-1.502966
-1.089948
-0.614024
0.649837
-0.358817
0.572868
0.247269
0.581744
-0.695467
-0.443425
-0.082078
0.427370
-0.108710
-0.517605
-0.011565
-1.655994
-0.465991
0.901039
-0.061604
-0.052022
0.731511
-0.746330
-0.654501
-0.090954
-1.740667
0.167492
-2.042233
2.123455
-0.263152
-0.902296
1.761057
-1.512828
1.571761
0.071744
0.893709
0.603213
-2.292568
-1.865158
0.541097
-0.523356
-0.537727
-0.084696
-0.015023
0.331996
0.742499
-2.887974
1.551194
-0.677076
1.088824
0.005490
-3.272228
1.222401
-1.022613
1.115595
0.555410
-1.711126
0.386499
-1.258098
0.763810
-0.427613
0.186960
-1.643484
-2.189237
-0.596953
-2.020358
1.019928
-0.413118
0.829913
-1.975870
0.240193
-0.331526
0.051026
0.534063
-0.189084
0.507105
-0.125414
0.492940
0.796188
0.336441
-1.332726
-0.687117
0.434759
-0.859681
-0.631797
1.281784
-0.560782
-1.214886
-1.163515
-0.607522
1.514160
0.198562
-1.472457
-1.358728
-1.022140
-0.408435
-0.613075
-0.118229
-0.937844
-1.604673
-0.609330
1.714037
-1.021577
-0.820384
-1.598324
0.988917
0.911997
-0.533189
0.146340
1.188802
-1.493149
0.153285
0.013604
0.238006
-0.530442
-0.301242
-1.570941
1.203164
-1.637099
0.686791
-1.959245
-0.934284
-0.637432
-0.107023
-1.684244
0.010173
-0.134136
2.374785
0.366510
0.270854
1.013449
2.135527
-1.178234
-1.013444
-0.361039
0.391296
-3.954420
2.270885
0.397882
0.938199
1.541181
-0.122903
1.737379
0.186610
0.574223
-0.781162
0.696627
1.365766
1.299916
-0.224024
-0.840000
-0.797178
-0.930465
0.164858
-1.683066
-2.384573
1.383425
0.682803
0.122096
0.613950
0.588254
1.799417
2.131677
0.296606
1.807619
1.686387
1.346542
0.472806
0.571706
0.149869
-0.078948
-0.642862
-0.703680
-0.347728
-0.196232
1.027357
-0.833713
0.249686
-1.836026
-0.417302
0.889301
-0.293795
0.138379
-0.474523
0.502362
-0.834204
0.954716
-0.683429
-1.607743
1.733123
0.015566
0.044915
0.650541
0.778926
-1.006632
-0.106852
0.076920
0.814991
0.271327
-0.305917
-1.173919
-0.906613
1.093597
-0.412013
0.552101
0.112026
0.543552
0.994858
-0.573734
-0.601139
-0.283311
0.271982
-0.005102
0.389837
0.219366
-0.637729
0.002219
-0.734825
-1.527525
-0.579011
-0.411077
0.142263
0.104441
0.905669
0.139828
-1.484556
0.187719
-1.590294
-1.382638
0.974001
-0.288036
1.202306
1.552050
-0.384356
1.410379
-0.021367
-1.286216
0.516532
1.499363
-1.655014
-1.334243
0.112969
0.378705
1.124737
1.426587
-2.254892
0.108769
-0.969316
0.175562
-0.304734
-0.327505
-0.790962
-0.362263
0.270573
-0.436907
-0.547972
-0.884198
0.269431
-0.853593
-1.415297
1.457230
0.993659
0.530948
0.311780
-0.957544
0.030214
0.698929
-0.942075
0.682977
-0.484561
0.898156
-1.623849
-0.448534
-0.804917
-0.251208
1.774853
-0.421285
-1.345668
0.777037
0.534444
0.183980
1.825744
0.664143
0.778378
-0.423093
0.630231
1.636431
0.323886
2.224421
1.857242
1.611905
-1.742630
0.213080
-0.460807
-0.253304
0.734786
0.848473
0.804446
0.065160
1.338102
-0.522942
-0.197763
0.295775
-0.878995
-0.716362
0.994564
-0.389221
-0.599195
1.687797
-2.074484
-2.474208
0.410537
-0.573920
-0.641985
-1.839307
-0.423986
-0.592008
0.238009
-0.102145
0.563449
1.231061
2.495753
0.481619
-0.841189
1.509500
1.243719
-0.072820
0.580988
-0.417146
1.852176
-0.036292
-0.088999
-1.002747
-0.516016
0.558262
-1.594074
0.287224
2.490683
0.486350
1.356957
-0.510301
0.596105
0.275814
-0.295216
0.021263
0.668771
-0.682414
2.502682
1.381954
-1.510797
-1.526677
-0.480285
-0.936669
-0.900944
0.344632
-1.532262
-1.021787
-0.230178
-0.723470
-0.486140
2.517471
-0.541550
-1.037630
0.065248
1.256599
1.887016
0.646860
0.783944
-0.790201
-0.266698
-1.209261
-0.026323
-0.147103
0.483833
-1.569489
-0.323950
1.073356
-2.678328
-1.445889
-1.011522
0.825830
-1.192955
-0.441498
1.941192
1.812998
-0.634249
-0.053185
-0.656991
-0.471878
-1.295809
0.412225
0.703622
-0.394400
-0.748078
-0.064609
-0.474158
-1.149380
-0.233334
-1.280585
0.971853
0.267694
0.139415
2.107752
-0.203930
0.189892
-1.148183
2.886590
-0.129609
-0.060042
-0.046924
-1.808269
0.959676
-0.442416
-0.425379
0.077536
0.352941
0.651992
1.460415
-1.502936
0.182596
0.258564
1.242769
0.866309
1.283246
-0.453147
0.162683
-0.246890
2.415210
1.198230
-0.270528
-0.727735
0.290956
1.016868
0.775563
0.450622
-0.932866
1.421382
-0.504602
0.296198
0.123093
-0.992182
0.424090
-0.996044
-0.133047
-1.075586
0.184408
-1.243223
1.814800
2.230480
-1.712031
-1.161023
-0.732900
0.152667
-1.569287
0.834802
0.084487
0.717741
-0.927429
-0.018073
-1.010616
-0.009327
-1.556399
-1.258936
0.730688
-0.236037
0.055937
0.872742
-0.118366
0.880697
-0.095278
0.340508
-0.576384
-0.576931
-0.681309
-0.432148
0.210157
-0.477839
-1.838259
0.410818
-0.094575
0.313835
0.659677
-0.150964
0.084970
2.116888
0.420666
-2.157964
0.258819
1.034912
0.029974
-1.002498
-0.692777
0.069948
0.275927
0.053145
-1.386825
-1.159892
-0.108070
0.330389
1.032030
0.851644
0.585037
-0.737758
-1.670130
1.083750
0.607661
-0.928819
0.248153
-0.112546
-0.212681
-0.599438
-0.726897
-1.274274
-2.006896
0.972160
0.735878
-0.058055
-0.816342
-0.998601
-0.433645
-1.439740
-0.261645
2.650779
0.332114
-0.605128
-2.116553
1.356385
2.433555
1.096535
1.530719
0.681136
0.063397
-0.795217
-0.121160
-0.086395
0.923899
0.893758
1.509574
-0.131728
-0.507560
-0.037127
-0.376758
0.208829
1.334094
-1.014882
0.031050
-0.878220
-0.354250
-0.587748
-0.737737
-2.154164
-0.929565
-1.668037
-1.089092
3.001880
0.104229
-0.176000
-0.170657
-0.876414
-1.154942
0.473890
-1.636721
-0.190194
-1.405890
-1.290657
-0.317129
-0.972011
-0.090941
0.600440
-1.279143
2.129813
0.834751
-0.274702
0.872171
1.010224
-1.369332
-1.195733
1.216841
-0.913002
0.054248
-2.620888
-0.504906
1.073847
0.403633
0.931177
-0.756196
-0.453058
0.931741
-0.799509
0.748329
-1.386201
0.340605
-1.631639
1.177253
-0.819672
0.377639
-0.881832
0.344745
-0.735914
-1.037991
-1.142654
-0.058883
1.066925
1.872626
0.403545
-1.243283
2.007370
-0.926002
-0.211433
-0.020477
-1.411966
1.475441
0.170248
0.846741
0.669825
-0.479685
-1.317426
-1.928666
-1.506886
-0.184836
-1.182119
0.562592
0.152013
0.268002
-1.207238
0.362056
1.203061
-0.051244
-2.348857
-1.004509
0.637456
1.251537
0.218811
1.298286
-1.727937
0.278206
-0.538714
-1.834898
0.349035
0.549591
-0.039488
-0.073560
-2.545708
0.572445
-2.065095
-0.761114
0.124776
1.443237
-0.532796
-0.648868
1.677559
-0.802131
-0.004680
0.564348
-0.301978
-0.221335
0.352211
-0.064671
2.535932
1.115424
-0.065587
0.436229
0.711141
-0.806461
-0.205771
0.012702
0.627417
2.034843
-1.265228
-0.077612
-1.909322
-0.160185
0.701580
0.699196
0.265223
-0.637947
-1.282378
0.666147
-2.510407
0.254311
0.881672
1.060622
-0.567420
-0.937148
-0.485024
0.591614
2.209791
-2.171252
-1.193269
-0.006979
0.433663
0.246886
1.758248
-0.395549
0.479005
-2.243985
-1.080392
1.234958
-0.356428
0.464318
-0.042342
-1.130414
0.006959
0.662837
-0.580662
-1.430219
0.127810
1.799637
-0.181236
-1.636357
-0.881853
1.272058
1.622393
-0.274796
-1.306487
-1.169437
-0.260822
0.849661
-0.523668
0.418063
1.358248
1.316255
-0.093534
2.243962
1.058474
0.452545
-0.076023
0.511645
-1.098333
0.490280
-0.089747
-0.394254
1.527077
-0.318097
1.258194
-0.874297
-0.216996
-0.805537
-0.702335
0.998724
-1.499997
0.765365
0.384789
-1.017341
-0.980662
0.035085
-1.375483
0.329035
-0.347541
-0.425913
0.291950
-0.540743
-1.746548
0.610815
-2.266047
-1.322196
1.996419
0.389569
0.561860
-0.146942
1.047918
-2.421730
0.988348
-1.384736
0.197908
-1.523337
-0.571561
1.841769
0.925102
0.362581
-1.660045
-0.264990
-1.342472
0.212185
1.378306
1.504491
-0.348044
-0.211211
-0.542316
-0.842640
1.834935
-0.034486
0.697962
0.894760
-0.344756
-0.302453
0.582059
-0.901161
-0.194067
0.255640
-0.016517
-0.734534
0.699191
1.093518
1.764107
1.349766
0.118158
-0.713591
-0.784185
-0.164212
0.158505
0.218599
1.043928
-0.421442
0.935805
-0.794521
1.108576
-1.241724
-0.357299
-0.612694
-0.352876
0.132753
1.826098
0.035371
-1.500031
-0.845424
-0.175236
0.539003
-0.388537
-0.233446
-1.014000
-0.351353
0.658239
-1.362000
-0.841375
-1.120771
-1.444318
-1.170844
-0.710645
-0.832717
1.532768
-0.093581
0.458243
-0.256015
-0.703386
-0.167405
-0.164616
-0.506670
1.195382
-1.966192
-0.128650
-0.266524
0.371119
-0.648192
-1.116541
2.074214
-0.971178
-1.591567
-0.217231
-0.786559
0.473187
0.722530
0.749086
1.641405
-1.218416
-1.744653
0.829280
-0.045365
-0.129916
0.957562
1.832466
0.466874
-1.080517
1.866822
0.525500
-0.879482
0.632962
0.204274
0.922079
-0.123077
0.544612
0.784791
1.110999
0.827313
-0.320300
-0.337020
-0.421871
-0.814132
0.408731
1.067630
-1.334416
-0.642621
-0.119666
-0.240215
0.342654
-0.693997
0.975713
-0.063327
-1.183002
0.519123
0.065632
-0.304320
-0.210696
-0.629948
-1.799185
-0.080611
0.902999
-0.641184
0.522297
-0.041046
0.500431
-1.007706
0.132009
0.459227
1.881510
-0.672017
-0.895422
0.545505
0.157955
-1.204961
-0.037951
1.519171
0.456077
0.716317
1.783030
0.504138
0.650292
0.417950
1.044443
-1.226470
0.004717
-0.826821
-1.660276
-1.507466
-1.018402
1.206397
-0.080654
-0.982262
-0.924582
-1.263614
-0.596368
-0.747381
-0.319656
0.368799
-0.429120
-0.716150
-0.005860
-1.260186
-1.252649
-0.380130
-0.637813
0.584038
0.243664
1.114248
-0.037514
0.292038
1.707748
-0.640406
-0.918519
-0.995879
-1.214482
-0.692797
0.009630
0.565806
1.442920
0.230756
0.732866
-1.948907
-1.600269
-0.306378
0.655649
0.819898
1.666972
1.044476
0.053209
-0.759520
-0.585655
0.067623
-0.691314
-0.408896
0.555191
1.086416
-0.679225
2.007715
-0.491908
-3.086345
0.145049
1.306197
0.863581
-1.406427
0.763677
0.730753
-0.080636
-1.952517
0.098961
-1.486157
1.169784
0.315537
0.732909
-1.074057
-0.116355
-0.227849
1.589134
-0.238848
0.220581
0.477268
0.173391
0.647374
0.197228
-0.159040
1.103872
0.400485
0.332502
1.851324
-1.097533
1.397853
-0.272389
-1.065490
0.906932
-0.603002
2.432069
-0.410017
-0.087108
0.711569
0.157401
0.805196
-0.389770
-0.606894
-0.949040
0.100923
-1.055056
2.360209
0.073090
1.261785
-0.214861
1.280089
-0.820663
-0.294447
1.254092
-0.596992
-0.757959
0.482336
-0.329701
1.148194
-1.125423
0.885466
-1.671043
1.202762
-0.467859
0.428742
-0.098488
-0.226591
-0.677231
0.661475
0.739159
-1.719031
1.072033
1.828232
0.159255
-0.242058
1.351895
-0.479934
1.135684
0.764869
-1.284328
-0.693654
-0.512982
-1.607165
-0.381181
-0.393304
0.512800
1.072062
0.640971
-1.143286
1.070618
-0.221088
0.676214
1.411610
-0.428360
0.851279
0.153921
1.330253
-1.262648
0.080127
0.716120
-0.912974
-0.996367
-0.176535
1.627581
0.196631
-0.030697
-0.603005
0.355334
-0.934050
0.862538
0.482324
-0.783824
1.641495
-2.196595
0.902251
-1.813875
-1.276225
0.026381
0.684981
0.097536
0.962362
-0.111862
0.836530
0.537299
-0.784809
1.735877
0.510998
0.636680
0.129824
0.066782
-0.396707
1.096095
-0.003363
0.270236
1.088769
-2.744406
0.034997
-0.503090
1.082801
0.100895
0.758392
0.287881
1.189076
-0.942908
0.880177
0.355616
1.312610
-1.191520
0.430346
-0.969344
0.372969
1.043092
-0.156778
1.900279
-0.849787
-1.181859
0.435073
-0.460536
-0.044424
0.682903
-1.123255
-1.194528
-0.228934
1.078696
2.224366
-0.669166
-1.975484
-1.586136
-1.171934
1.680762
0.764031
0.648721
0.889996
-1.299840
0.390643
1.243324
-0.386040
-0.030782
0.411636
1.151956
-0.539727
0.430865
0.409292
-0.394357
-1.167889
0.480832
1.989380
0.594818
-1.647644
-0.255392
-1.144204
1.089132
-0.126074
-0.157638
1.423298
-0.804257
-0.224984
1.199368
-1.596049
-1.236860
-1.018486
1.511831
0.120854
-0.484880
1.787698
0.396192
-1.158281
-1.297430
-0.094081
-0.937431
0.855094
-0.169094
-0.116613
-0.973383
-1.579471
-0.567784
1.189647
1.417512
-1.042520
-0.636300
-0.171570
-0.721005
-1.101624
1.173624
0.670236
0.251847
0.059506
0.946989
0.169004
-2.192177
-1.042781
0.134691
0.079371
-0.314605
-1.207439
0.921636
1.438377
-0.300295
1.250303
0.405712
-0.923473
0.207001
-0.187262
0.141657
-1.424918
-0.488875
0.072951
1.219506
0.368669
-1.074156
2.480408
1.115514
0.347295
-0.617882
0.526741
2.097170
0.503162
-0.478538
0.272494
-0.846903
1.222144
0.045376
-0.242738
0.524995
-0.560847
0.043873
1.487684
0.837610
0.190799
0.846141
-0.169325
2.370272
-1.643020
-0.787076
-0.641054
-1.494526
-0.424578
0.477203
0.019685
-0.786051
0.958045
-0.548891
1.315630
-3.071350
0.028565
2.025831
-0.254209
0.897526
0.143535
-0.755018
-0.096140
0.795795
-0.031298
-0.852525
0.356688
0.341517
0.213074
0.046310
0.652077
0.313728
-0.025927
1.469433
-0.617944
0.772425
0.517854
0.861663
-0.366252
0.165021
-0.368684
-0.100735
-0.674398
1.519036
0.227717
-0.311970
1.837060
0.779076
-1.076620
-2.755177
-0.742331
-2.750337
-0.106321
1.166084
-0.099744
0.042446
1.962954
-1.118926
-0.234309
0.398735
0.530401
0.211286
-0.336099
0.408367
-0.494522
-0.158595
0.372473
1.379148
-0.102533
0.150890
-1.078749
-0.008107
0.751564
0.380504
0.466218
0.711709
0.426041
0.752423
0.723030
0.919220
-1.467846
0.314375
1.252215
0.506343
2.806872
1.937449
-0.127613
0.793031
1.299900
0.790916
0.486739
-0.116188
-1.049049
-0.072577
-0.522893
-0.245684
1.175777
-0.006027
0.217855
-2.943529
0.598149
-0.374972
-0.137058
-0.229882
0.759761
0.092486
-0.391851
1.070883
-1.095024
-0.162822
0.564177
1.446225
-0.132651
1.279695
1.915323
0.472081
1.293664
0.053059
0.517578
-1.229098
-0.692415
0.406892
0.589950
0.565995
-1.382291
0.101454
0.091709
-0.529741
-0.897292
1.152625
-0.435767
-0.563893
-1.633714
-0.050425
1.146348
0.757280
1.660203
0.113947
0.976577
0.917455
-0.031855
0.200393
-1.367604
-1.798038
-1.123481
-1.416132
-0.761335
-0.095279
-0.694266
3.024502
-0.882779
0.397279
0.389005
0.627240
-1.465712
-1.538172
-1.742661
-0.001486
-0.689030
0.668656
1.952394
-1.893719
-1.275132
0.705520
0.660484
-1.189406
1.159508
0.442633
-0.250310
1.789361
0.895566
-0.952756
1.512677
0.628597
0.277350
-0.211415
-1.732513
-0.612794
-2.344506
-0.627296
0.405639
2.162525
-1.198944
0.297905
0.745841
0.709291
1.600287
-0.095053
-0.843434
0.326149
-0.235084
0.677552
-0.909611
-1.954549
0.537486
-0.777651
0.189497
1.705832
-0.574454
-0.093418
0.303697
1.359283
-0.498760
1.348581
0.734212
0.152525
0.663269
-0.093757
0.633503
0.874206
-2.145564
0.577842
0.430294
-0.837662
0.421961
1.453053
-0.343029
-1.330994
0.874136
2.264291
-1.333130
-1.262445
1.249739
-0.702363
0.648114
0.358674
-0.907060
-0.043974
-0.360936
-1.011023
-0.222869
0.211941
-0.167114
-0.681444
-0.014441
-0.848363
-1.467024
0.376519
-1.532046
0.832508
-0.995640
0.405688
0.855285
1.740353
-0.497121
-0.328268
0.946938
-1.088803
0.708817
-0.312932
-0.514162
-0.118114
0.678946
-0.988244
-0.077188
-0.375710
0.792279
1.742195
-0.423298
0.232795
1.021297
0.081241
0.666283
0.459663
0.186801
-0.876673
0.318343
0.962847
-1.634835
1.168805
-0.944344
2.699215
-1.527775
0.500384
0.594024
-1.251808
0.920467
0.404507
-0.249045
-0.225756
1.784540
0.264783
0.407541
0.359490
0.955990
0.704460
1.467684
1.517926
-0.144806
-0.055844
1.887484
-0.507198
0.056003
-0.724057
-1.190689
2.061953
-0.866652
-0.746266
0.040178
-1.536949
-1.096877
1.155655
1.784711
-0.274137
-0.383694
3.445162
1.011297
1.020884
1.269127
0.592954
0.761047
1.578193
0.808891
1.396383
1.544317
-0.085893
0.192345
0.194502
-1.245696
-1.026906
0.186824
1.119740
0.445319
-0.187533
0.163380
2.726774
-0.188007
-1.362727
0.573532
-0.790318
0.580895
-0.048974
1.710771
0.002889
-0.121727
0.554795
0.172959
-0.195143
0.800320
0.825417
1.658927
-1.972654
1.024239
0.867112
0.947591
0.372225
-0.462556
-1.191139
-0.719412
0.119357
0.988350
-0.191640
-0.294777
0.148071
-0.720699
0.448057
0.167042
0.824167
-0.619886
-0.037618
0.613730
1.320434
-0.392006
-1.221201
1.149193
-0.820343
0.830353
2.031401
-1.971620
-0.141791
0.623429
0.402401
-2.567498
-0.243938
-0.816943
-1.574318
-0.291407
-1.662057
-1.879381
0.374867
1.937378
1.477342
0.089344
0.461328
1.584233
0.985749
-1.263193
0.860826
-0.558407
-1.750693
-1.411437
1.469425
-1.280919
0.510793
-0.084905
1.568872
-2.724399
0.027190
1.512349
-0.070897
-0.176076
-0.432941
0.031311
-0.796086
0.045923
-2.421518
0.455912
0.747027
0.869086
0.412185
-1.354305
-0.246944
-1.121516
1.103661
0.848474
-0.635132
-0.215175
-0.007693
-0.305618
-0.273615
-0.311431
0.625296
-0.647788
-1.383990
-0.715228
-0.386578
1.028326
0.047248
-1.737853
1.106849
1.210044
0.327101
-0.761529
-1.197343
1.145942
1.252969
1.973760
-0.029719
-0.487920
-1.115525
-0.891265
-0.537667
-2.049041
0.558035
-0.721636
0.895211
0.227350
1.481493
-0.796657
1.327960
-0.420990
0.219446
0.934568
0.879788
-0.154053
-0.617779
0.640614
0.572447
-0.974959
-1.089321
-0.467836
-0.636607
1.371545
-0.697903
0.778565
-0.731608
0.146916
0.599298
-0.443064
1.930087
0.788245
-0.931245
0.957183
0.187250
-1.753636
-0.301026
-0.908118
1.204120
-1.259943
-0.361900
0.815456
0.684020
-0.002230
1.101349
-0.804800
-0.182930
-1.042053
1.808598
1.279525
-0.994685
0.209288
1.422828
-0.306645
-0.651553
-0.693511
0.103859
1.394269
-0.046375
0.135199
1.039660
0.801494
-0.694413
-0.061076
-0.528469
-0.705648
-1.256826
0.946248
-1.127467
-0.730299
0.600784
1.432664
-1.045425
-0.141888
-2.098454
0.670348
0.078238
0.702094
-3.357610
0.706463
-0.475833
0.588183
1.097550
1.458225
1.687205
-0.631964
-1.005402
0.576342
1.236676
0.961722
-1.792453
0.504019
-0.999451
0.279382
-0.550956
-2.019045
-0.932194
0.457984
0.932713
0.359388
0.312650
0.467944
1.282156
0.985698
0.469357
0.350491
0.496236
-0.378930
1.605815
0.319426
0.648813
0.370360
-1.527041
-0.381116
0.794027
-1.102169
0.084980
-1.397408
-1.243968
-0.537363
-0.344522
0.179218
-1.750873
-0.408554
0.769246
-0.454295
0.265823
-1.206706
-0.319990
0.023574
0.138522
2.235396
-0.225217
0.709827
-0.132958
0.891298
-0.583525
0.395033
1.720888
-0.465254
-1.378279
1.039760
0.697202
-0.103423
0.279161
-0.743238
-0.217704
-0.116557
2.020776
-0.485653
-0.426789
0.031277
-1.442352
0.666198
0.430428
0.927107
-0.498302
-2.742728
-1.221864
0.694526
-2.353213
1.984383
-1.530088
0.363229
0.178233
0.631413
1.321084
-1.313569
-2.026502
-0.790900
-0.532238
2.090279
-0.068267
-0.280913
1.585413
0.973587
0.894084
0.754390
-1.048527
1.111770
-0.781255
0.745137
0.421156
0.472651
0.437355
0.574173
1.014575
0.391602
-0.414862
0.308497
0.436875
-1.069874
-1.330237
0.279890
-0.221956
1.215055
-0.580932
0.841081
-0.672133
-0.648236
-0.459576
0.077796
-2.409746
-1.250599
-0.585460
-0.701685
1.335832
-1.164915
0.522394
1.142354
-0.324705
1.164387
0.560143
0.507903
2.506988
-0.315563
-1.211063
1.298001
0.261324
-0.277139
-0.003256
-1.386112
-0.238329
-0.764870
1.072295
-1.595617
-0.155330
1.170128
-0.961081
0.195107
0.098736
-2.249529
0.436383
-0.704316
-1.858017
-0.396895
0.932417
0.915453
-1.096267
1.133305
-0.609025
-0.111403
-1.695366
0.598759
-0.848698
-0.384717
0.888186
0.198740
-0.266345
-0.582582
-0.988778
1.405475
0.648920
-0.777591
-2.012824
2.584960
-0.683581
0.366828
0.355908
0.125966
-1.261202
-0.946893
0.900734
0.322298
0.879486
0.890047
1.218231
-0.784291
-1.252724
1.029133
0.114748
0.062730
-1.520446
0.548486
0.579436
-0.154629
-1.720497
1.226875
0.225631
-0.358155
-1.633181
0.579969
-0.020975
0.991989
0.983424
0.694609
-1.063947
-0.499861
2.991149
-2.730006
-0.038939
0.257311
0.388114
0.156685
0.421621
-0.878843
-1.035921
-0.653651
-2.276170
0.271668
2.023442
-0.693964
2.239381
1.078165
0.572178
0.012729
1.312942
-0.063998
-0.424008
-0.201693
-1.766450
0.396860
0.419035
-1.160727
-0.343464
0.315111
0.342216
0.279328
-0.517313
-1.016863
-0.659236
-1.668563
-0.970309
-0.775548
-0.746786
0.312616
0.900906
-0.711480
-0.101344
1.184117
1.130567
0.445613
-0.666805
-0.380207
1.382571
-0.520582
2.530462
0.992340
-0.059867
-0.938405
-0.315761
0.810557
-2.440994
-0.213749
-0.059268
-0.137219
-1.004022
-0.386312
0.417548
-0.846914
-1.105892
-0.221636
2.632669
1.684207
0.029657
-0.373931
-0.488891
-0.375478
-0.210474
-0.255626
0.878861
-0.204454
-1.405034
0.123848
-0.260674
0.294645
0.190947
-0.408206
0.007335
0.894722
-0.524664
0.266567
1.636663
1.780323
1.331216
1.261654
0.247564
-0.917963
-0.502474
-0.606704
-1.351319
0.440833
-1.932704
-0.379637
0.909090
0.755191
-1.090737
0.142929
-0.318475
-1.594239
0.831015
-0.207149
-0.253240
1.081751
-1.196718
-1.309551
-0.968962
-1.277411
-0.211979
0.257153
2.350871
-0.171150
-0.955447
2.742525
0.608209
-1.034957
1.178713
-0.377908
-0.686440
-0.590891
-1.781335
-0.158739
-0.897435
0.106239
-1.629132
-1.128122
-1.823046
-0.684639
-1.986147
-0.353867
0.044036
0.207658
-0.194621
0.828488
-1.758639
-1.468059
-1.728172
1.226359
1.374856
0.532176
0.006914
-0.635381
-0.489331
0.070814
-0.336504
-0.536085
-1.401567
0.043956
0.138759
0.427502
-0.687881
0.392399
1.077585
0.786168
-0.957478
-2.411246
0.520283
1.149373
0.559588
0.071310
-0.457497
-1.830468
0.268970
-0.603716
-2.134018
-1.163687
0.796224
0.543826
-0.075926
-0.591073
-1.083113
-0.101755
-0.576242
-2.624235
-0.586486
-1.615346
0.426282
-0.983581
-2.881716
0.516849
-0.724168
-0.504758
-0.014337
0.446894
-0.726345
1.014155
0.358908
0.380190
-0.290163
1.878438
0.315863
-0.337174
0.431502
-0.512651
-1.178068
-0.131907
-1.460450
2.557054
-0.091545
-0.198725
-0.532439
-0.300893
0.402709
1.552287
-1.684588
-0.026652
-0.838866
0.595766
1.314215
1.159889
-0.823014
0.561546
-1.681805
1.220819
0.881312
-0.242263
0.112125
2.126282
0.794250
0.908758
-0.872944
0.728424
-0.007625
0.160061
0.353182
-0.529707
-0.670254
-0.489289
-0.143200
-0.068387
1.321415
0.842500
1.820704
-0.519695
-0.538153
-0.497161
1.253548
-0.972146
0.335182
0.409563
1.264256
-0.491318
0.354226
1.582001
-0.676546
0.492095
0.343685
0.397368
0.192037
-0.722532
-1.022447
2.019356
-0.336638
-0.172256
1.287379
1.155226
-0.840137
-0.293457
-2.218648
-2.256947
0.653763
-0.897274
0.876449
-1.701354
0.749182
-0.704870
-1.845342
0.007962
0.539745
1.936235
0.127858
1.388841
-0.388507
-1.311181
2.410810
1.868139
1.918227
-1.085731
0.238394
0.566657
1.159977
0.315279
-0.595941
-0.399451
-0.293173
0.182015
1.097277
1.737326
1.060402
-0.600195
-0.512194
0.207634
-0.066480
1.367905
0.502656
0.939612
-1.018275
0.611283
0.778106
-0.645626
-0.082082
0.393573
0.152128
-0.590117
1.151525
-1.645845
-0.702740
-0.269461
0.821276
-2.191667
-0.354754
1.702647
2.592963
1.216702
0.731372
0.711758
1.614166
0.089233
0.761617
-0.672701
0.115733
-0.089221
0.498571
0.804687
-1.121300
0.693475
0.150985
0.414246
-0.218800
-0.297950
0.083273
0.068530
-0.337779
0.001781
-0.526176
-1.354531
0.980075
-1.463841
-0.798156
1.260779
-0.979863
0.310533
-1.436246
1.332471
0.787017
-0.095387
-0.848841
0.888363
0.693011
0.038444
-0.204522
-0.090732
-0.944261
0.147761
0.291970
0.916255
-0.891109
0.215697
-0.011283
-0.184663
-0.256678
-0.946343
0.101628
-1.665887
0.079348
-0.930266
-0.986115
-0.768236
0.159487
0.485648
-1.229177
0.032416
0.069609
-0.711279
0.405427
2.057220
0.772858
-0.470127
1.481003
0.826674
-0.994795
-0.586084
-0.013001
0.157963
-0.524304
-1.084073
0.124186
2.817035
1.322847
0.836650
-3.441899
1.419934
-0.017560
-0.427182
-0.338705
-1.912192
-0.952953
-0.087499
2.159513
-0.252077
-2.470355
0.795943
-0.384528
0.505122
0.160439
0.461521
-1.097672
2.508287
1.128380
0.257488
-0.145399
0.936513
-0.887634
0.345836
0.281761
-0.665099
-1.506937
-0.558354
-0.017456
0.458955
-0.884053
-0.036722
-0.349635
-0.992555
0.552912
-0.215484
0.724601
1.143862
-0.157650
-0.894021
0.967585
0.309605
0.863564
1.442126
-0.406219
-0.055847
-0.247320
-1.423268
1.761256
-0.325136
-0.926470
-0.296742
-0.054663
1.505662
0.459799
-1.103576
0.283107
-0.452848
0.478113
1.278135
-1.606966
0.107857
-1.481175
0.418331
-0.218862
-0.772794
-2.270217
-0.230859
-1.013166
-0.117773
0.704057
-0.599855
0.349354
-0.745731
0.750348
-0.298913
1.325658
-1.093101
0.454683
-0.608704
-0.143269
1.409553
-1.312601
-3.063178
-0.451866
-0.374127
-1.037820
0.215249
-0.106656
-1.718485
-0.143945
-0.467959
-2.449832
0.414220
0.134612
0.571311
-0.479127
0.191134
-0.064487
-0.302243
-1.663500
-0.239760
0.855032
0.239630
0.879539
0.519886
-1.221568
0.807645
-1.452526
-1.550825
-0.450599
-0.453655
0.856266
0.362796
-0.401408
-1.462174
0.260855
0.872072
-0.329556
-1.080212
-0.545871
-1.691155
0.152338
1.245406
2.633444
0.329942
-1.864351
-1.078728
-0.322589
-0.443193
0.530388
-1.114314
0.313200
0.668222
0.006133
-0.294049
-0.584786
0.328554
0.133336
0.944012
0.221372
0.603042
-0.960618
-0.841120
1.036292
0.050314
0.424411
-0.273579
0.784478
1.799651
-1.089112
1.531807
-0.432799
-0.974705
1.202151
-0.353632
0.059678
0.334119
2.042269
-1.402361
0.285522
-0.299333
1.056441
1.251215
0.224474
-1.209802
0.372230
0.316524
0.709772
1.396827
0.577330
0.388181
-0.451325
1.037273
0.772715
-0.414565
-2.067845
-0.300872
-0.670187
-0.594811
1.053307
-0.122541
0.113865
-1.239445
-1.119254
0.483745
0.391285
0.222065
-1.271687
0.380853
0.618280
0.174558
-0.749349
0.415547
0.942101
0.063686
0.784795
-0.655762
-0.077235
-3.267399
-1.264833
0.072476
-0.116316
-0.945650
1.497844
0.084819
0.329343
0.712237
0.417478
-0.950254
0.611955
1.391470
-0.703693
1.962767
0.635226
-0.955895
-1.155432
0.133412
0.744696
-0.981169
-0.164187
0.173024
-0.712825
0.504813
-1.319129
1.072296
0.395210
-0.997778
-1.046088
1.247421
1.210852
-2.898367
-0.517282
2.468472
0.678299
-0.549113
-1.644005
-0.789382
-0.242530
-0.092677
0.532104
-0.539321
2.125133
0.032195
0.330186
0.430218
0.982137
0.047873
0.635041
0.686543
-1.182420
-0.292699
2.036387
-1.291766
1.832015
-1.170517
-1.677127
-2.845754
0.873562
-0.347415
-0.525666
1.001708
0.761202
0.005401
0.003398
1.648374
-1.462334
1.677375
-2.578721
-1.405544
-0.002291
-0.473075
-0.699438
0.152075
-0.192179
0.012381
0.110561
-0.638067
0.429179
1.771209
-1.584576
0.274802
-0.403697
0.159520
-0.777252
3.084665
0.924001
0.168011
0.441902
-0.319290
0.982806
-1.666532
0.464348
1.429675
-1.661713
-0.324753
0.599678
-0.630861
0.909206
-0.200333
0.796263
-0.640827
1.808717
-0.202345
1.091735
1.352952
0.903728
0.626958
0.011340
-0.559164
0.578243
-0.219755
-1.305812
1.281316
1.036079
-0.845680
2.259415
0.112739
0.039276
-2.232189
-2.194282
-0.528464
2.660392
-0.660996
-0.530576
-1.041944
0.537953
0.769196
-1.261508
0.826079
-0.561710
-0.161556
-0.566307
-0.772410
0.861272
0.087833
0.246273
2.336088
-0.810321
2.275275
0.559255
-0.360956
0.357382
1.581866
-1.035137
0.037034
-0.059833
1.622315
0.745959
-1.076254
-1.182417
-0.936195
0.449335
-1.420445
0.242725
-0.548199
-0.084932
-0.603402
0.928722
1.279797
0.869131
-0.612884
0.679512
-0.078922
-0.107423
0.768528
0.889425
1.093199
0.526139
-0.700434
-0.925554
-0.942253
-0.913330
1.098920
-1.165910
-0.618480
-0.128560
2.291677
1.163827
-0.544200
1.406674
-1.562912
-0.798953
-1.042862
-0.326905
-0.782288
0.548853
-0.263730
-0.200972
-0.177681
-0.482078
0.801739
0.743840
1.530127
0.613101
1.489997
-1.259502
0.298994
0.596439
1.251230
0.430746
-0.341117
-1.392701
-1.103125
-1.948168
-0.070822
1.140018
0.948504
0.681302
-0.604559
-0.615469
0.948692
-1.812126
1.127457
-0.964066
0.260345
0.888270
-0.073922
0.279302
-0.345858
0.863914
-0.855384
1.349203
0.494768
0.595302
-0.942146
0.632048
0.496796
0.557681
1.933055
-2.728222
0.299651
0.672325
0.132532
0.402216
-0.847544
0.846937
0.128292
-1.533163
0.796047
-0.483677
0.539788
0.632039
-0.215412
1.262865
0.981700
0.875989
1.404194
-0.168946
1.951962
0.330827
0.930895
-0.275346
0.508007
0.694646
1.626672
-0.316162
2.141937
-0.422631
-1.646603
0.169494
-1.884655
0.701671
-0.300633
-0.407793
-2.259329
0.699815
-0.701460
0.931581
-0.930912
-0.667986
-1.044494
-1.722971
0.205977
0.137047
1.859060
0.798684
-1.051462
-0.388045
0.262806
0.867034
-0.985152
-1.751830
-0.740459
1.117295
0.576725
1.300437
1.438761
-0.216458
-0.283214
1.081197
0.032975
-0.282283
-0.662612
1.812715
-0.547243
0.243674
0.796247
-0.778308
0.512012
-0.280779
0.854162
-1.050308
0.062811
0.379434
-1.621509
-0.171371
-1.702251
0.972429
-1.474335
-1.194747
1.257115
1.544901
-0.871299
-0.982505
-0.873351
-1.028686
0.011343
0.813853
-1.347360
0.982432
-0.652929
2.151536
0.368665
0.650962
-2.112644
-2.442813
0.269726
-2.112170
0.089765
0.286294
0.175433
0.391639
-0.790916
1.221011
1.165682
-0.860572
-0.828384
1.790381
-0.146577
-1.613268
-0.429360
0.289801
-2.234004
-0.493762
0.854589
0.427071
0.099611
-0.076302
1.264715
0.050798
-0.501210
0.211462
-0.959935
0.252609
-0.376360
0.499856
1.847820
1.513335
0.007545
-1.724643
1.369820
-1.078234
-0.957334
0.020154
1.012892
-0.362762
1.511667
0.134164
0.107594
-0.222391
-0.122935
-0.831893
-2.482484
0.707030
-1.008068
0.598682
-1.806651
-0.640326
-0.173841
-0.674012
1.893684
1.296886
-0.680805
0.281786
-1.075142
-0.788196
-0.283310
-0.118349
0.316474
-2.394569
-0.261146
-0.515996
0.052672
-0.232828
-1.372621
-0.663931
-1.001380
-0.028363
0.769036
1.124896
1.451233
1.538680
1.611249
-0.139454
0.206101
-0.779288
0.768787
0.187058
-0.678576
0.261034
-0.244747
0.584761
-0.719580
0.896172
-1.414707
0.083212
0.404229
-0.129573
0.509285
0.152963
-1.544666
-1.064704
-0.519542
1.514195
1.566254
0.849271
1.629363
-1.356324
0.751461
0.361207
-0.713562
-0.289672
0.165758
-0.132397
0.752500
0.363584
-1.358522
-0.496514
-0.811936
-0.621213
-0.255720
0.312436
-0.578687
-0.377290
0.179914
-1.319157
-0.727896
0.414010
0.492252
0.324405
1.253423
-0.125025
-0.029250
0.209291
2.600869
-0.689207
0.137714
0.068398
-1.027178
0.178537
0.395824
-0.481036
0.975921
-0.862158
0.729011
-0.180362
-0.612588
-0.840839
-0.922247
-1.727686
-0.492607
0.189849
0.239756
0.349787
1.032953
0.254718
-0.713698
-0.085630
-1.255087
-0.725125
0.469294
-2.276951
-0.109456
0.517925
-0.682932
1.312137
1.156266
-1.265606
0.579564
-0.856486
2.171467
1.560117
-1.558398
-0.661617
-0.557485
-0.332089
0.950883
0.490254
0.443676
-0.079708
-1.435625
-0.410734
0.343404
-0.817883
1.092093
0.096523
-0.178368
0.477369
0.169161
-0.817711
0.307089
-0.686210
-1.132360
-1.660464
1.092341
0.024115
0.196519
-0.403427
0.639700
-0.131596
-0.771328
-0.334187
-0.687276
-0.306814
-1.111759
0.660967
0.374782
0.626323
1.567205
-0.016407
0.502409
-0.320698
2.152660
1.077425
0.753904
0.199493
-0.874421
-0.911188
-0.609239
-0.354548
-0.065486
-1.030806
1.442760
-0.686129
1.456967
0.499410
0.833275
-1.432125
0.322903
-1.047000
-0.543622
1.027857
-1.854986
0.024199
-1.317863
0.342840
0.626070
-0.631536
-0.966947
0.240336
-0.313147
0.397319
-0.330573
-0.498772
-0.859073
0.537807
0.386235
0.341827
-0.705566
-1.115281
0.851807
0.799002
-0.951853
-0.846944
-1.100251
-0.299823
-0.158458
1.692541
0.720185
-1.277273
-1.413406
1.206318
0.164078
1.935897
0.277315
-1.084002
0.322833
1.385180
0.328969
0.115471
-0.413923
0.837372
-0.723475
0.710851
-1.460841
-0.492548
-0.575813
-1.315880
1.648440
-0.215012
-0.201946
0.821271
1.514189
0.447245
-0.103503
0.774978
0.269780
-0.986657
0.583585
-1.797295
0.916625
0.636328
0.428027
-0.452230
0.314568
-0.223907
0.309858
-0.219602
-1.868083
-0.570781
0.675095
-2.578455
0.428851
-0.760923
-1.152942
1.359697
-1.182975
0.637924
1.503413
-0.680288
0.773115
1.539890
1.463915
0.833020
-0.743481
0.986337
0.198168
0.232277
-0.468633
-0.988789
-0.662223
-1.071372
-0.734318
-1.567539
0.116690
0.215015
-0.026520
-0.248695
-0.310935
-1.938917
-0.868182
-2.760700
0.362836
0.433356
2.009365
-0.795998
1.764313
1.175668
-0.415088
-0.547195
-0.362082
0.558676
0.736079
1.381092
0.417229
-1.350845
-0.283145
-0.593473
-0.153813
-0.067776
-0.879144
-0.402119
-0.602478
0.802855
-0.226336
-0.038330
-0.435084
-1.462085
-0.408402
-3.035530
-0.273437
0.761249
-0.126837
0.998994
0.037755
0.953160
0.439029
0.096328
-0.294085
0.933507
-0.699605
-0.303904
0.167387
-0.028933
0.537882
1.283363
-0.928400
0.699276
0.912937
0.013600
0.772955
1.613547
1.344580
0.818227
-0.412072
1.475280
-0.833153
0.953423
0.245250
-0.979819
0.591525
-0.771229
0.951086
1.939490
-0.052451
0.583967
-0.920685
-0.228377
-0.190419
0.664452
-1.411990
-0.627180
-1.107458
-1.985659
-0.120658
0.077701
-0.321479
0.473316
-0.101913
0.311094
-1.468404
0.486522
1.238706
0.353053
-1.502279
-0.523481
-0.022750
0.248245
-0.128380
1.105925
-0.985910
-1.293822
0.477135
-1.950143
2.682465
-0.614776
-2.297973
0.271162
0.426610
0.217201
-0.066709
1.485809
-1.548735
0.550511
2.485433
0.717531
-0.060406
-0.428656
0.570544
-0.397018
1.000381
-0.530142
-0.120600
-0.234663
-0.588981
0.683583
0.852146
-0.249703
1.092091
-1.164577
0.397036
0.471126
0.098892
0.519661
0.059347
-0.791969
0.282438
0.114492
0.571135
-1.020865
0.511549
-0.101178
-1.174226
0.096926
0.856372
-0.814993
-0.150694
-0.081310
2.044926
1.106125
0.832289
0.388946
-2.114298
-0.581424
-0.093726
-0.332778
0.485375
1.340031
0.793118
1.697443
-0.803257
3.083106
-0.110009
-2.717673
-0.566376
2.088195
0.704110
-1.698039
1.550687
-0.567484
-0.945829
-1.113574
1.046705
0.715605
0.811838
0.653097
-0.172008
-0.768731
-0.819808
1.389023
0.048229
-0.053894
-0.273883
0.822195
0.004257
0.807631
-0.538991
1.563755
0.407045
1.844289
0.643212
0.616730
-0.530576
0.972681
0.708776
-0.345125
-1.374137
1.544270
-0.083587
-1.196624
-2.507223
0.126201
0.548317
0.117830
0.033560
0.899743
-1.189708
0.841999
-0.682437
-1.528940
-0.723339
0.280191
0.905632
-0.478524
0.287888
-2.162629
1.900943
1.111053
-1.291087
0.611170
-0.252477
0.538477
0.059300
-0.876489
0.749527
-0.622972
1.083013
0.548628
1.092635
0.140293
-0.326100
-0.347589
-0.400405
1.862212
0.861641
-0.298935
-1.730139
1.361036
1.377380
-0.678773
-0.936685
-1.587194
0.710327
0.387169
0.265638
0.964433
-0.451190
1.927334
1.874927
-1.106872
-0.936296
-2.515636
0.293402
-1.418527
0.193358
-1.438250
0.548012
-0.508719
1.894265
0.279926
-0.615249
1.027833
0.200156
-0.748800
1.270008
-1.395320
0.352223
1.125514
0.006475
-0.208460
-1.115738
-0.645678
-0.745808
-0.567198
0.991322
0.495955
2.321208
-0.721561
-0.201552
0.738920
1.723027
-1.246356
0.910213
-0.957898
0.714305
-0.816662
0.162368
0.925377
-1.396579
-1.031285
-0.814285
0.305317
-0.800724
-0.128213
-0.270771
-0.704779
-0.823922
-1.012319
-1.429597
-0.041640
-1.346268
1.994026
-0.862050
1.704846
0.360588
-0.505429
0.298427
-0.243317
0.239211
1.588934
0.614341
-0.732666
1.405322
-2.204046
-0.073777
-0.366211
-1.002648
-1.888122
-0.642500
0.245053
0.408698
0.592697
-0.241924
-1.058352
-0.752868
-0.130812
0.227209
0.906028
2.199487
2.547379
-1.064363
1.431244
1.080363
-0.730479
-0.521534
0.741982
-2.080231
0.692059
-0.866450
-0.799644
-1.418963
0.087026
-0.205974
0.881743
0.485985
0.104015
1.448868
-0.559596
-0.863655
1.165478
-2.334520
0.106630
-1.758984
1.150276
-0.143893
1.637599
-0.861667
0.760917
0.509927
-0.583219
0.364261
-0.479385
-0.589101
-1.809793
-0.039395
1.588368
0.773001
-0.459513
-1.298121
0.644403
-0.709383
-0.906084
0.193006
-0.946227
-1.898534
0.055499
-0.720790
1.281701
-0.501778
0.443474
-0.533485
0.302645
-0.193448
0.104616
-1.048238
-1.390208
0.395519
0.793851
-2.648396
-1.400845
-0.967262
-2.163802
-0.186132
1.925474
1.843169
-0.589796
-0.889936
0.010770
0.592707
0.087303
0.850018
-0.276488
-0.638457
-0.858488
0.425662
0.420089
0.127173
-0.582196
0.112621
1.885186
-0.195175
0.919122
1.275809
1.074674
-0.226011
0.603044
0.437307
0.434383
0.410737
-0.353259
-0.033187
2.369440
0.074083
-0.791082
0.085353
0.191808
-1.948356
-1.274302
-0.455003
-0.583531
-0.176957
-0.023273
-0.153593
-1.306910
-0.726706
-0.931795
0.085016
0.384544
-0.491220
1.424654
0.787713
0.205465
-1.542141
-1.044479
-1.680374
-0.324568
-0.750271
-0.322467
0.082191
0.136755
-2.059683
-0.348109
-0.518752
0.920649
0.098529
0.482167
0.296094
2.457947
-0.111307
-0.843853
0.164748
0.878279
-0.442949
-0.068647
0.915641
1.050682
-1.322709
1.655796
-1.976399
-1.164783
-0.506075
-0.010948
0.422055
-0.181288
-2.393454
0.548228
-1.489022
-0.262503
1.229163
-0.368210
0.703626
1.055697
2.847115
1.083789
0.578784
0.557118
-0.673866
1.895350
-1.824109
-0.031938
1.483588
1.417985
-0.411221
0.473116
-0.509522
-0.283938
-1.157729
1.083245
-1.564805
2.289311
0.780734
0.549974
0.983185
-2.186411
1.004783
-0.833462
1.142755
-0.193578
1.041617
-0.387263
-0.033238
2.060547
-0.525404
-0.024732
0.214646
0.912012
-0.491779
-0.048633
0.176226
0.668821
1.552167
1.624404
0.301805
1.132812
-1.623071
-1.762041
1.384160
-0.122956
-0.846481
1.172672
-0.704428
0.300446
-0.472481
0.067358
0.173745
0.718172
-1.227998
0.500851
0.390267
0.696358
0.258700
-0.682886
-1.045568
-1.003754
0.700206
1.304699
-1.479579
-0.558541
-0.442407
-0.871126
-0.684848
0.401922
0.386518
0.396646
-0.688180
-0.046136
0.634979
1.282469
0.403863
-0.030873
-0.530323
-0.490183
0.141798
-0.263898
1.143069
-0.200958
-0.490384
-0.394336
0.086372
-0.917054
-0.185437
-0.913840
0.706034
-1.112667
-0.212582
-0.929288
0.125218
1.248055
-0.967119
0.557508
-0.922174
-0.854735
-0.813345
-0.785516
-0.443514
0.378777
1.454299
-0.164382
-0.113969
0.547130
-0.337289
2.621703
-0.552411
1.373347
-1.035007
-0.027662
-0.263604
0.026831
1.335622
1.342457
1.113890
0.283358
0.705882
0.675387
-1.163527
-0.721060
0.114109
0.156707
-0.582844
-0.182160
0.547773
-1.187215
-0.803054
-0.704656
-1.799661
0.034630
0.546939
-0.169318
-1.628570
-1.893112
-0.369976
-0.946166
-0.643713
-0.835256
0.599004
-0.266426
-0.790020
0.711786
-1.936689
0.188890
-0.016960
-0.979314
1.690477
-0.427908
-0.766520
0.157216
0.406915
-0.171716
0.185108
-0.122662
-0.900207
0.402117
0.150442
0.717376
0.934709
-0.085168
-0.255616
-2.415618
-0.830278
1.302861
0.097866
0.709420
0.109828
0.031537
0.474986
0.589417
-1.262578
-0.982920
1.394305
-0.647773
0.412392
-1.940305
-0.691968
-2.942380
0.323173
-0.774962
-0.513866
-1.210816
-0.560946
-1.635780
-1.528126
-1.850611
0.527656
0.843820
1.486338
1.698556
0.393772
1.030439
0.414389
0.084435
-1.783193
-0.591330
-1.316053
-0.795285
1.713411
-1.239620
-0.143615
0.183544
-0.950540
-0.923014
1.027314
-0.132182
-1.118876
0.770047
0.862869
-0.452192
-1.053593
-0.854803
-0.758078
-1.048567
1.464054
0.897250
1.525464
0.665927
-0.353008
-0.849156
-1.544687
0.764273
0.507728
-0.154801
-0.917953
0.511184
-0.522107
-1.461405
0.861742
0.959150
-0.396875
-0.301465
-0.346600
-0.183569
-0.178201
-0.474025
1.278023
0.165861
2.304156
-2.963484
1.249250
0.421344
-0.567240
-0.558500
0.304274
0.423752
1.160536
-0.982809
0.146850
0.988816
-1.226370
-0.293203
-0.316921
-0.490734
0.247436
0.901565
1.505586
-0.341431
-1.052257
0.326811
-0.208366
-0.765852
-1.726558
-1.141303
2.133920
-1.240046
0.263149
0.012956
-1.944301
-0.228478
-0.492990
-0.279338
-0.967904
-0.717375
-1.340674
-0.129359
-0.807641
1.440514
0.465503
-0.793056
-0.279061
0.435087
-2.926262
1.448879
1.998196
-0.620743
0.325330
-1.178647
0.949125
0.314414
-0.678586
0.303191
-0.226860
-0.136298
-0.169874
0.272870
-0.323305
0.256775
1.122524
-0.709142
1.651403
1.286391
0.803270
-0.271526
-1.216486
-1.799560
-1.644032
-0.382762
2.407476
0.467198
0.572665
2.165644
-1.015683
1.019914
-0.253614
-0.065268
0.081827
0.069640
-1.586635
1.707784
-0.583144
-2.152127
-1.421111
0.835988
1.043771
0.103931
0.222739
0.934072
0.204310
-2.578823
-0.802598
-0.484052
-0.606862
0.116192
-0.760412
0.064355
-0.469265
1.411610
-0.529354
0.896870
-1.229447
0.818337
-0.127333
-0.654964
-1.176429
-2.565167
0.087342
-0.601119
0.363215
-1.470827
1.390494
1.377622
-0.971851
0.670480
1.138920
-1.711856
0.701227
2.700035
-0.959701
0.517170
1.026545
1.533759
-0.696143
-0.818529
0.498876
-0.683538
1.247945
-0.327867
-1.361654
-0.227128
-0.494544
-0.058992
0.924684
-0.095699
0.148632
-0.641882
0.721340
0.073795
0.539640
-2.168653
-0.161020
-0.131330
-0.020216
2.162373
-2.659872
-1.421292
0.351251
-0.623335
-0.515694
0.324554
-0.360325
1.620773
2.130343
-0.462942
-0.393431
-0.684877
1.193276
-1.061410
-1.130630
0.933654
-0.629586
-0.372684
-0.507501
-0.304829
0.444427
-0.540163
1.426894
0.440309
0.575986
0.121063
-0.384243
1.144118
-1.130217
-0.342767
-1.219211
1.748728
-0.556596
0.349802
0.844582
-1.904063
-0.177775
0.921634
1.336271
-0.365541
0.589096
-0.399269
-0.349195
1.159015
1.446518
0.500113
-0.903785
-0.010295
1.970149
-0.717842
0.268641
1.315267
-0.172223
0.226430
1.479955
-1.334925
-2.350865
-0.852919
-0.825440
0.105381
-1.504229
-0.030256
-0.169113
0.517428
-0.767408
0.477157
-0.853779
1.528396
0.397528
-0.234392
0.741704
-0.485697
-0.946616
-0.011786
-0.601059
-0.461494
-0.393268
-1.291921
1.415365
0.832987
1.744883
-0.949160
0.368341
1.216390
0.521166
-0.147689
-1.058086
0.551780
0.514773
1.312038
-0.974284
-0.467209
0.140118
-0.072158
-0.096814
-0.119372
-1.314609
-0.259848
-0.415200
0.865485
0.682968
0.605876
0.303238
-1.193552
-0.978225
-0.801006
-0.571888
-0.589300
-0.168880
0.525577
-0.134765
-0.525312
-0.748521
0.256306
-0.743727
-0.917890
-0.211216
-0.174677
-1.207434
0.225211
1.229535
-1.189279
-0.936076
-0.209346
1.567824
0.403696
-0.604715
-0.545942
0.729561
-0.161330
-1.121246
-1.367544
-2.237271
-0.588674
-0.124922
1.545437
1.608416
-1.129638
-0.291617
0.211971
-1.519683
-0.994267
-0.786295
0.224465
0.377802
-0.372997
0.073787
-0.730976
0.883295
-1.165581
0.659875
0.105739
0.642413
-1.926257
-0.082234
-1.114513
-0.461537
1.094539
-0.366260
0.796806
-0.240049
1.927333
-2.294249
-0.421289
-1.088229
1.901674
0.145047
-0.022898
-1.949530
-0.300186
-1.755430
1.254601
1.967982
-0.903384
-0.555118
-0.095762
-1.524055
0.755374
1.211886
-1.973041
-0.425819
-0.161527
0.962341
0.816053
-0.513497
0.550231
0.686721
-0.559786
-2.063865
1.095230
-0.977884
-1.185585
2.177403
-0.786459
-1.551060
0.389426
1.337316
0.100138
0.102592
-0.447135
-0.048503
0.556733
0.306155
-0.868562
-0.657066
-0.665945
0.147336
1.184095
-0.516762
-0.741024
0.668942
1.495419
0.896743
1.485983
0.583397
-0.391639
-0.264474
0.936088
-1.543031
0.966559
0.891047
0.978570
-1.307959
0.481490
-1.430909
-1.181778
-0.497643
0.010388
0.811552
0.205112
-1.275119
0.449994
0.041797
-0.254516
0.497222
0.504284
0.093793
0.900576
0.513845
0.044658
-0.075165
-0.796688
0.445601
1.643987
0.854189
0.430297
-1.181271
0.560070
0.531416
-0.449292
-1.233049
0.111576
1.389895
-0.924343
1.521366
0.251767
1.473131
-0.436184
-1.361149
1.317143
-1.010989
0.749245
0.864934
-0.326633
0.441589
1.624825
-0.480678
-0.528816
0.402445
-1.390316
-0.586085
0.479070
0.192550
-0.218149
0.373751
-1.918194
-1.317975
1.038532
-1.777343
0.824527
-0.926774
-0.974978
-0.720084
-1.039735
-0.252095
0.089613
0.067697
2.707221
-0.383040
2.165656
0.602020
-0.045689
1.432699
-0.896527
-1.636057
0.457383
0.818396
0.065770
1.574249
-0.261459
-0.715424
-0.619441
1.464148
0.143237
-2.120407
1.883979
-0.288338
0.108925
-1.023826
-0.046907
-1.907015
-0.097899
-1.164891
0.074734
0.465164
-1.698769
-0.273844
0.468426
1.342503
1.133560
-0.138712
-1.010049
1.875520
-2.219359
0.513387
1.247301
1.145881
-1.011347
-1.229270
-0.003018
0.777110
0.639754
-0.238230
0.906804
0.114496
-0.387418
-0.345575
0.958621
-0.169183
-0.091742
-2.094781
-1.252143
0.653493
0.575127
1.084060
1.003831
0.082377
-0.137756
-1.605933
0.280315
-0.100787
-0.959764
-1.993215
1.303980
0.672455
-0.783148
-2.019493
-1.262934
-0.026037
-0.301953
0.056970
0.318386
-0.734242
0.302370
0.848757
-0.648197
-0.896660
0.595956
-0.957759
-0.048906
-0.446259
-0.233360
-0.888638
1.266554
0.238084
1.280861
1.605517
0.115178
0.327672
-0.119760
-1.635250
1.457480
-0.402450
1.872780
0.598850
-1.815064
-1.068408
0.468374
0.548297
0.857363
0.903679
0.034238
-0.026848
-0.639194
-0.240048
-0.723956
-0.158861
-0.354552
0.105221
0.496512
0.931558
-2.546718
0.866611
0.335902
-0.310734
0.266284
0.015181
0.831629
1.133153
0.199819
-0.890803
0.915057
0.976419
0.322423
0.312814
-1.288217
-0.957553
1.860958
-0.782593
2.066227
0.456100
-0.544342
-0.304734
-0.186149
-0.387921
0.353558
-0.338575
1.848038
0.930257
0.753654
-0.185105
0.702557
-0.573000
1.118588
0.706263
-1.850539
-0.076158
1.055016
0.648712
0.252631
1.538526
-0.395341
-0.192070
-0.992874
-0.268533
-1.743849
-1.492984
-1.247294
1.227657
1.118664
-0.040774
-0.447527
-0.579533
-0.641635
-4.196435
1.052975
1.018074
1.375724
-0.336773
1.240912
-0.310842
0.713805
-0.068095
0.314197
-0.935524
-0.376210
0.234268
0.789427
-0.909556
-0.206575
1.437651
1.859888
-0.858834
1.143405
1.221958
-0.979388
-1.114750
1.605274
-1.512071
0.518117
-0.188648
-0.452408
0.323789
-0.205127
2.333514
-0.349947
-1.388828
2.034335
0.719132
0.015707
-0.116863
-1.521889
1.593361
-0.559887
-0.504257
0.080292
1.354612
0.743561
-0.255491
-0.098870
1.242066
0.215773
-0.288287
-1.126770
1.273117
0.373986
-0.867471
0.497156
0.373183
-1.120914
-1.705500
-1.393643
0.897787
-2.217117
-1.265310
0.042776
0.196511
1.830073
-0.411338
1.004242
-1.705868
0.349226
0.119023
-2.281244
-0.199320
0.179768
1.533029
1.753257
0.915238
1.098602
0.091426
1.282871
0.366178
-0.991974
0.760042
1.067629
1.524689
0.089729
-1.243187
-0.219321
-0.385202
1.590907
-0.401433
-0.826738
0.570615
-0.043528
-1.302243
1.236701
-1.537424
0.311348
0.925277
-0.632536
0.805618
-0.358715
0.638827
-1.624818
-1.684877
-0.292306
0.028366
-0.513901
-1.963071
-0.375201
-1.321922
-1.364537
-0.760806
0.073758
-2.501052
-0.894588
0.283697
0.917133
-0.782306
1.942293
1.161174
1.041852
0.620419
1.336324
0.901488
0.500017
-0.499274
-0.521297
-0.276660
-0.560950
0.392913
0.774367
0.203947
1.071533
-0.619038
1.364691
-0.135471
-0.747926
1.789798
0.611549
0.285243
0.660463
-0.456133
-0.130587
0.784457
0.730920
0.291823
1.133446
-0.376140
0.365953
-0.296603
0.740752
0.934006
-0.687886
-0.564668
0.312637
0.636273
-0.076737
-1.657615
0.797280
-2.769542
0.525009
-0.715074
0.126812
-0.188701
1.046821
-0.792392
1.958108
-1.728839
1.567792
-0.683141
-0.562993
-0.524730
-0.133388
1.319882
-0.166218
-0.071915
-0.178348
-1.209879
0.534427
-0.595850
-0.032015
1.586077
-0.157315
-0.240563
-0.734151
0.599589
0.497204
-0.465644
1.060333
-0.798152
1.566675
-0.411335
1.545831
1.069781
-0.002569
0.391127
0.811662
1.014595
-0.498575
-0.819892
0.738318
-1.034429
-0.484724
0.645945
0.082501
0.789849
0.134838
-0.081809
-1.970692
0.668912
1.101322
-0.323742
0.096689
0.927404
-0.321430
0.044128
-2.042393
-0.963858
1.897986
-0.460379
-0.812166
-1.486162
-0.525011
-0.181128
2.195899
-0.352470
-0.266925
1.474016
-0.295768
0.814140
-0.493349
-1.107061
0.161624
-0.270377
0.254310
-0.911613
1.437136
0.254487
0.623443
-1.364018
0.410044
1.260012
-1.830058
0.048614
0.971228
-0.976129
-1.035165
0.099453
-0.915754
-0.417657
-0.138860
-0.592140
0.974008
1.896984
0.728976
0.455005
-1.629078
-1.218212
-2.258901
0.363249
0.278028
-0.607983
-0.611112
0.945545
0.623643
-0.170275
1.076487
-0.014657
-0.840746
-1.197985
0.612418
-1.585996
0.160950
2.526675
-0.584782
1.656045
1.523986
0.000584
-0.802330
-0.499402
0.681174
0.415071
0.174714
-0.050232
-0.223673
0.641637
1.124110
0.943689
-0.302367
0.296240
1.506105
-0.843718
0.557833
-0.432094
1.260241
0.537382
-0.099072
-0.037228
-0.787968
-0.273540
1.371124
-1.106072
-0.922946
0.337150
0.846490
0.665612
-0.276232
-1.685289
0.208618
0.922573
-0.118670
-1.075222
0.396522
0.331844
0.431956
0.114297
-0.131354
-1.165551
0.893326
2.495466
0.236291
-0.034450
0.016355
0.090067
-2.442107
-0.487485
-0.552111
1.392734
-0.078098
1.396937
-1.109132
-0.589997
-0.217431
0.533201
-1.114830
2.528989
-0.930709
-0.852894
-1.746522
-1.917092
0.130515
-0.089584
1.008110
-0.830935
1.158312
-0.793743
1.492667
-1.934107
0.534061
-0.306897
0.894462
-0.303511
-0.519423
0.601837
-0.742979
-0.115680
-1.316029
-0.030161
-1.505083
-0.691324
0.765496
-0.155326
-0.263634
-1.449498
-0.058769
1.092541
0.873747
0.262863
1.547619
-1.514806
-0.980287
0.415232
0.120012
1.375836
0.091409
0.040983
1.247090
0.106674
0.981230
-2.433570
0.594087
0.406601
0.828831
0.036578
0.194257
-1.123655
-2.719807
-0.021644
-1.364442
1.456220
-0.482183
0.580616
0.505575
-0.526784
1.264730
2.129627
1.731175
-2.067984
-0.331156
1.321737
-0.061383
0.693713
0.328080
0.165463
0.881024
1.366902
-0.273676
0.854595
-0.163409
1.616939
0.611492
-0.769205
-0.173971
0.744428
1.255715
0.336909
-0.055300
-1.020756
-0.736215
0.938779
-0.598189
0.117978
0.191774
2.412109
-2.215422
0.914953
-0.951319
-0.894193
1.349171
0.240779
-0.101634
-0.750185
-0.771656
0.286253
1.352625
0.142923
-1.002079
0.707642
-0.657134
-0.961625
0.072431
-0.564291
-0.779657
0.148494
-0.265034
1.029312
0.014851
-0.924674
2.037521
0.802187
0.063432
-0.126632
0.970642
-0.521233
0.510127
-2.421603
-1.813876
1.069114
-0.589259
1.059367
-1.813786
0.578645
0.391454
0.218701
-0.121780
0.148137
-0.130095
1.405763
-1.657841
0.242515
0.196413
1.706085
1.653097
-0.959248
-0.679883
-1.063995
-0.476629
-1.151114
0.344725
-0.361955
0.946488
-2.098409
0.539169
1.014872
-0.546358
-0.575100
-1.223025
-1.034952
0.757836
-1.282241
1.279261
0.617420
-1.304155
-0.960885
0.715869
0.479341
0.075861
1.007977
-0.772590
1.055463
-0.760214
-1.501440
0.943584
1.506751
-1.689681
1.686201
2.809633
-0.617376
1.324205
-2.049312
0.848041
1.342710
-0.871707
0.808100
0.545813
1.648165
-0.258126
1.666804
-0.227465
0.244356
2.623076
0.140971
0.811732
1.092369
-0.287168
-2.509217
-0.972445
-0.286770
-1.036303
-0.622646
-0.824030
1.332541
1.029960
0.493693
-0.980044
-0.746438
1.247168
0.897489
-0.612198
0.158165
1.106234
-0.855187
-0.764435
0.455317
-1.382318
1.029147
0.136418
1.325716
-0.639859
1.321705
-0.046971
-0.430122
-1.270839
-0.234981
-1.997482
1.487142
1.255704
-1.213618
0.017597
0.712639
0.452063
1.185581
0.242948
-0.496848
-1.093344
-0.130281
0.012069
-0.841927
-0.457452
0.936663
-0.043187
-1.338153
0.078159
-0.505017
-1.095162
0.288548
0.740084
-2.390475
0.715363
0.828064
0.847557
0.087584
-0.734095
0.465174
-0.118650
0.901768
0.132149
0.330667
0.208067
-0.270672
2.640335
0.612635
1.220939
1.227571
1.725099
-0.818370
-1.032377
-1.510120
0.812527
-1.459109
-1.165556
-0.454119
1.148153
-0.334163
0.534529
1.237896
0.131694
0.182432
0.242070
-0.939010
-0.508619
1.572652
-1.040805
0.918407
0.809305
0.992388
-0.588262
0.491255
-0.484440
0.258172
-0.038618
0.723098
0.157393
-0.636215
-0.103129
-1.270916
-0.552304
1.234259
0.634807
-0.489579
1.757516
1.185626
-1.034317
-0.811860
0.012966
-0.398196
-1.333235
-1.174176
-0.470646
0.459168
0.724636
-0.804810
-0.936435
-1.226695
0.046935
0.505581
-1.158849
-3.314093
-0.419918
0.875080
-0.748747
-0.126746
-0.905357
0.181266
-1.416522
0.943191
-0.504270
-0.785509
0.176525
0.338513
-0.545660
0.216100
0.183437
-0.335896
-0.524654
-0.134689
-0.434885
0.664739
-0.161346
0.282622
1.162313
0.439685
0.460590
-1.415334
-0.658841
-0.704781
1.262372
1.894897
0.406450
-0.390723
0.426701
-1.929963
-0.820660
0.180410
-0.182074
-0.231255
1.014220
-1.993140
0.540420
-1.504182
0.317900
1.614720
-0.108646
0.959093
-1.606992
2.109291
-0.419152
-2.201307
-2.106863
0.776508
-0.650042
0.550722
1.558755
1.952312
-0.898353
-1.147792
0.117564
1.515474
-1.624463
-0.194517
-1.997133
-0.244192
0.443903
-2.423486
-0.026934
-0.238585
-0.196378
-1.242853
0.711168
0.043967
-0.583969
0.630479
-0.678489
-2.330812
0.664615
0.807036
1.395999
0.137768
0.359035
-1.559932
-0.645161
1.394875
-0.307801
-0.264341
-1.155906
-1.009377
-0.042756
-0.439056
0.990410
-0.092567
-1.954666
0.318172
-0.949346
0.091392
-0.021324
-0.012480
-0.158314
0.215238
-1.390391
0.611401
1.307396
-0.347820
0.919212
-1.747980
-1.712026
1.034460
-0.822073
-0.592419
0.346397
0.975894
-0.580771
-0.901631
0.023449
-0.468586
-0.856282
-0.799314
-0.897432
0.085179
-0.661636
-1.591877
0.375626
-0.204036
0.612959
-0.176360
-0.311525
-0.565662
0.086665
-1.074413
1.204171
-1.159354
-0.306604
2.007836
-0.263865
-0.808452
0.621950
-0.262814
-0.653822
-1.009505
0.099121
-0.019855
-0.116849
0.322994
-0.303679
-0.080573
1.038803
0.591131
0.253690
-0.753925
0.555763
-1.745241
-1.066587
0.772361
-0.500756
-0.494198
-0.298429
-0.597915
0.720350
0.008426
0.992392
1.507745
-0.900385
0.650167
-0.504809
-0.095043
-0.634055
2.280471
-0.074764
-0.801175
-0.369870
1.655592
-0.724273
0.964013
0.317837
-1.348947
1.225551
-0.707389
0.299725
0.386064
-0.797678
1.360651
-0.687809
-0.751212
1.094145
0.373375
0.108002
0.373821
2.027037
2.225431
-1.485069
0.599037
1.235036
-0.991999
-0.790189
-0.185504
-0.029743
0.290967
0.529058
-0.964371
-0.440071
-0.122106
-0.425182
-0.763356
-1.193339
-1.395614
0.890180
0.777787
-0.901971
-0.292906
-1.197597
2.187463
0.732606
1.417451
1.359081
0.868349
1.027633
0.784709
-0.604238
1.629093
-0.579503
-0.423040
0.745751
-0.139000
-1.473432
1.509831
-0.580998
0.245575
-0.910675
1.635730
-0.496568
0.225670
1.709239
-0.428156
-0.320490
-1.588465
-0.962606
0.058307
0.297910
-1.079090
-1.177770
0.093582
-2.167839
-0.734902
1.654647
0.633919
-0.631694
1.526441
-0.803563
2.698659
0.696510
0.511842
0.410981
0.483922
-1.203399
-1.097702
-0.128153
0.550276
0.502146
-2.597848
-0.473793
0.637723
-0.031292
1.403537
0.875681
-0.922986
0.698252
-0.730623
-0.487721
0.590503
-0.856871
1.050921
0.967393
0.356860
-0.088505
1.687586
-0.185561
-0.006568
-1.657515
0.347756
-1.726287
-2.434890
-0.306917
1.117980
-1.374984
-0.805462
-0.985658
0.448169
-0.799513
-0.584354
0.164095
-0.833495
-0.125399
-1.685624
-2.116631
0.281077
-1.434591
0.610264
1.050928
0.745919
-0.503277
0.077371
-0.674842
0.634318
0.831388
-0.939915
-0.222075
0.110589
0.164202
-0.370662
0.032036
-1.058765
-2.343082
0.369876
1.995485
1.814267
-0.775019
-0.306075
-2.973837
0.055035
-1.264764
-0.541461
0.628810
1.366737
-0.337630
-0.729240
-0.360070
0.712841
1.138059
0.838677
0.693969
-0.503040
0.418501
-0.584684
-1.116357
0.324792
0.363758
-1.025426
-0.536256
-0.233726
0.689776
0.333565
-1.373759
0.904486
-0.481425
0.654002
-0.433959
0.664715
-2.441381
0.527386
0.791876
-0.390272
-0.567759
-2.140302
-0.043080
1.067980
0.575780
0.813613
1.013176
0.241648
-1.583372
-1.032082
-0.466566
1.188233
-0.140756
1.034482
0.130373
0.566445
1.619954
0.463738
-0.218945
-0.994357
0.688210
0.772358
-0.102799
-0.248540
0.768004
1.003461
-0.148524
1.608254
-0.925990
0.081265
1.119015
-1.221462
0.645164
-0.945860
0.642523
-1.565764
0.661168
-0.452885
0.729293
-0.558224
1.814830
-1.063823
0.324782
-0.268016
-0.224956
0.500658
-0.762684
1.660650
0.673132
0.164096
-1.947996
0.656629
-0.130966
-0.174735
2.426857
-2.013658
0.976048
0.048702
-0.275881
-1.218401
-1.373043
-0.796916
-2.151781
0.043124
1.225008
0.548376
0.602567
1.394728
-1.501636
0.260418
0.249405
0.983834
-0.737850
0.886743
-0.096855
-1.182353
-0.564434
0.881457
-0.776914
0.193584
-1.419813
-0.169735
0.823435
-0.917013
0.534863
0.126917
-0.759774
1.208852
-0.777982
0.875640
1.568056
0.535097
-2.076363
-0.057946
1.707561
0.233923
-0.015694
-1.405022
0.014384
0.403674
1.342772
2.532170
-0.361393
0.746501
-0.996578
0.024943
-0.796617
0.119967
-2.100853
0.294576
-1.032680
1.161411
-2.540621
-0.029963
-0.465537
-0.356974
-1.036407
-0.057792
-0.716398
0.571028
1.441299
-0.685770
0.343281
0.623183
0.126171
-0.801011
-0.635169
-1.399240
-0.308714
-0.088534
-1.125612
0.939994
0.395931
0.289906
-0.257396
-0.192402
0.526635
1.004725
-0.149532
1.550948
-1.059290
-1.383226
0.311654
-1.305866
-0.133414
0.633624
0.464161
-0.889680
0.432013
0.141804
-1.705392
0.694001
-0.946707
-2.409678
-1.543173
0.094661
-0.661205
-2.167281
-0.005566
-0.899974
-0.820260
0.657940
-2.781823
-0.919908
0.916877
1.044609
-0.352156
0.101724
-1.524494
-0.231076
0.614383
-2.217128
-2.050254
-0.576086
-1.783690
-0.138629
-0.994175
0.394831
0.199542
1.598243
-0.204064
0.094776
0.393922
-0.304526
0.650071
-0.348284
1.598393
-0.327839
-0.757296
0.733742
-1.557882
-0.238888
-1.019573
-0.065094
0.404282
1.042813
1.312151
-0.556248
-0.145261
0.331072
0.465882
-0.114236
-0.441578
2.371004
-0.850393
-1.176836
-0.745217
0.918288
1.050677
-1.886770
1.097760
0.304254
0.437766
1.340828
0.325347
1.398829
0.633268
1.283837
1.418393
0.876650
-1.644191
-2.957251
-0.349939
0.543499
-1.320085
0.998245
-0.302972
0.864316
2.008637
-0.741838
-0.293634
-0.403737
0.836540
1.808191
-1.311760
0.204495
0.045138
0.315638
0.339275
0.661710
-1.720992
-1.185883
1.822932
0.276133
-0.892400
-2.204115
0.390477
-0.388852
-0.249023
0.926551
2.415361
-2.635474
0.136553
1.059020
-1.036835
-0.440827
0.410052
-0.710494
-1.345425
0.818594
-1.173050
1.104305
1.377255
-0.400555
0.364956
0.557268
-0.631590
-1.049024
-0.622475
1.393939
1.135775
-1.769588
0.963947
1.447545
-1.644077
0.386960
1.310494
0.084803
-1.209785
0.959753
-1.162839
1.061113
0.809123
-1.033174
-0.535921
0.028750
-1.154575
-0.720190
1.888269
-1.750822
-1.055491
-0.538813
0.004104
0.282497
0.059299
-1.006970
0.652435
0.885069
-0.453709
-0.696133
-0.082782
-1.683364
-0.172425
1.478996
0.079783
0.353455
0.245140
0.542100
1.568037
0.600393
-0.621599
1.523500
0.178398
-0.258129
0.724666
0.776239
-0.203706
-0.364902
1.562636
-2.380076
1.353411
-1.223411
-0.847441
0.825189
-0.454302
0.804351
-0.829534
-0.809613
-0.119222
-0.317880
0.246186
-0.706435
0.236283
0.190832
-0.452506
0.327811
0.022738
-0.873331
-1.570446
-0.344293
-0.814788
-0.038385
0.089089
0.313311
-1.285105
1.502351
-0.300658
0.871611
0.093470
-1.998326
0.189782
-0.895794
-2.395886
0.556642
0.826056
-0.342361
0.541059
1.591768
0.616546
0.717842
-0.949519
-0.777913
1.324876
-0.202768
0.717653
-2.172647
0.176640
0.686288
0.669202
0.171045
-2.624881
1.832581
0.506410
-1.180230
-0.678126
-1.508451
1.224859
-0.991966
-2.469135
-0.229579
-1.423148
-0.304002
1.377112
-0.991801
-1.340308
-0.242248
0.907502
-0.610180
0.916513
2.434446
1.603406
-0.833495
1.160858
-0.008682
-0.862572
-0.495125
0.969056
-0.077839
-0.169418
-0.553413
-0.886347
-0.810680
0.269454
0.899561
0.276324
1.301822
-0.597586
0.560623
-0.361655
-0.707195
-1.497309
0.600639
-0.659748
-0.237569
-0.319949
-1.450423
-0.036712
0.412199
-0.603721
0.143073
-0.742937
0.269780
-1.627821
-1.882448
0.057968
1.447400
-1.137081
-0.478821
-1.891541
-1.690506
1.067424
-0.631219
-0.165304
0.377538
0.225312
-0.203827
-0.260811
-2.435911
1.115640
-0.233733
0.080301
0.830379
-0.563170
2.882394
1.198382
1.916889
0.345158
-1.834717
1.137602
1.352592
-0.634343
1.321925
0.822484
-0.959102
0.801758
-0.203780
1.827204
0.081340
-1.284200
1.100312
-1.651570
0.948860
0.736978
-0.439825
0.102444
2.008593
0.470782
-0.264443
0.979754
1.619207
0.698035
0.891325
-1.002582
0.998601
0.326613
-2.083935
-1.577657
0.279527
-0.410170
-0.822581
0.587048
-0.418026
-0.349334
-2.110990
0.536016
0.632622
-1.081603
-0.909597
0.208323
2.032150
1.375204
0.501014
1.375754
-0.986423
0.513093
-1.589086
0.508630
-2.184958
-0.532660
1.141857
0.138988
0.087160
-1.058133
-1.333926
0.301116
0.660479
0.414132
1.010853
-0.470211
0.390686
1.501129
0.192462
-2.661319
-1.528981
-1.538996
0.546522
-0.060944
-1.289690
-0.290681
0.480711
1.116916
1.525552
1.167351
0.859917
-0.261761
0.315197
-0.353212
-1.113979
-0.707241
-0.666818
-0.213513
-0.216450
1.387817
-1.425104
0.093998
0.645816
0.522950
0.069190
-0.500444
1.081443
-0.842497
-0.585077
-1.369244
0.378226
-1.699349
0.053947
0.520988
-1.904194
0.261824
-0.125130
0.787775
-0.466869
-0.120622
1.705362
-0.127589
-0.077864
1.104866
-1.199997
0.223287
-1.168395
-0.376640
-1.068563
0.617362
-0.392283
-0.498987
-0.768498
-0.862408
-2.166981
-1.075003
-0.276853
-1.694068
0.035251
-0.584179
-0.218875
-0.476493
-0.791762
0.109967
0.887712
-1.421317
-1.053108
-0.312250
-2.775483
0.219135
0.326216
-1.243589
1.552987
1.519777
1.242919
-0.146234
0.764800
0.061153
0.462380
0.021402
1.243470
0.191884
-1.280425
-0.119419
0.126234
0.750696
-0.945055
-0.535316
-0.949914
-1.443931
-0.815631
-1.800183
-0.186200
-0.494688
0.693511
-0.663589
-1.100261
0.123321
2.187041
0.718873
-0.148307
1.009535
-0.726484
-0.988073
-0.048068
0.145957
-0.527502
0.206827
1.746416
-0.328577
2.354015
0.759603
-3.047900
-0.540667
0.730072
-0.052751
-0.242673
-1.569452
-0.928295
-0.772504
-0.688273
1.885908
-0.406068
-0.706364
-0.005350
-0.005939
0.904241
1.007905
-0.326773
-0.812188
-0.679578
0.086427
0.770209
0.796306
0.109243
1.453406
0.605309
-0.424665
1.422192
0.169407
0.202603
0.107117
0.178960
0.690976
0.624123
-0.546364
1.418575
0.223300
0.489547
0.017549
-0.227914
1.210092
-1.224624
-0.724037
-0.357615
-1.006978
2.161892
0.867804
1.075020
-3.195132
-0.538975
0.646866
0.800383
0.363009
-0.249164
-0.541333
0.287028
-0.468625
-0.688315
0.150273
-0.397078
0.258955
0.838702
0.548663
1.431496
-0.257900
0.665043
0.726064
-1.121754
1.444161
0.344732
-0.565306
1.492447
0.053370
0.243832
0.308912
-0.390580
-0.383634
-0.151932
0.651592
-1.315892
0.791191
0.664204
0.481916
-1.616752
0.599937
0.754075
1.066644
0.256995
0.498559
1.444876
1.988976
0.605869
-1.029133
0.742835
-0.668051
-1.261256
-0.144440
-0.856515
-0.901395
-1.852870
-0.635478
1.118606
0.839024
1.565493
-0.600523
-1.659959
0.256859
-0.753296
-0.768697
-0.511411
0.621852
0.645952
-0.680494
-2.241282
0.644313
0.288873
0.683167
-0.569732
0.767932
-1.327059
0.939877
-0.836266
-0.100227
1.001346
-0.737183
0.024818
2.050256
-0.593304
1.039224
0.001993
0.630626
0.331667
0.739773
-0.552423
-0.597358
0.994322
-1.000407
-1.313627
1.054117
-0.518512
-0.252710
-0.121460
1.665876
-0.901168
-1.881034
-1.077815
0.982163
-0.127457
1.155613
-1.309496
0.635247
-1.690294
0.487444
1.279106
0.039887
1.796782
1.114526
0.190534
-1.688348
0.928658
0.974641
0.391732
0.257470
-0.474483
-0.315435
0.452411
0.392203
-0.925302
-0.583901
-1.400301
-0.184866
0.988405
-0.288289
0.143562
1.295623
0.916611
-0.641183
1.556969
1.306391
0.818547
-0.521721
-0.259057
0.319957
-0.025330
1.128754
-1.092598
-0.162225
0.472642
-1.044108
2.184431
-0.658400
0.090517
0.684503
0.546786
-0.094323
2.668623
1.316306
0.650618
-0.643677
-0.874065
-0.256220
-1.132580
-0.950596
0.388541
1.413355
-1.448547
-1.736471
-1.039256
-0.022733
-0.228006
-1.042214
0.110427
-0.333508
1.057463
-0.236435
0.104293
1.721016
-0.226024
-0.125876
0.677322
-2.400700
0.281397
-0.201318
-0.098907
-0.448829
-0.439735
0.587557
2.252362
-0.005977
0.688837
1.907728
-1.095298
0.461053
-0.301724
-1.857208
-0.166577
-1.098217
0.732768
-0.680608
1.031679
0.888775
-0.151941
0.289093
-1.508033
0.658331
0.521141
0.119570
1.545178
0.776470
-1.749138
-1.674737
-0.574192
-0.730030
0.571662
0.717473
1.455251
-0.438430
0.444291
0.328334
0.165749
0.814200
-1.315235
-0.163201
-1.018934
-0.226403
-1.546145
1.015097
1.383698
-0.646619
1.867580
-0.516317
0.636727
-0.926709
0.405598
0.775072
0.820716
1.123596
-1.672648
-0.902871
-0.121130
0.142016
-0.008698
1.009364
0.192946
-0.204537
-1.393092
0.110790
-0.367050
-1.086586
0.737114
0.077278
-0.765401
-1.246403
-0.596413
0.551188
2.141499
0.789285
-0.478048
-0.707522
-0.073319
-1.916662
-1.822448
-0.179574
-0.258927
0.093509
-0.260584
0.303760
1.262064
1.669391
2.003528
-1.233500
0.506936
-0.871305
0.792026
0.653969
0.905558
1.751376
-0.858570
0.532345
-0.109506
1.578649
0.451913
-0.089120
-0.731485
0.323027
-0.064321
-1.538020
-0.414074
-0.882355
0.056334
-0.018243
0.038719
0.544955
1.650876
-0.081428
0.428093
0.542066
0.185560
0.082222
1.428925
-2.248884
1.591984
0.491710
0.931135
0.762608
1.149971
0.487910
-0.436812
0.225871
1.482002
-0.047435
0.960832
0.405378
-0.293256
1.253467
-0.440125
-0.752055
1.343536
1.004542
-0.544411
0.192629
-2.935264
0.482831
-1.631239
-0.899681
-1.383871
-0.092878
0.194123
-1.473286
0.731904
0.615359
-0.165101
0.906951
-1.855689
0.572153
-0.220081
0.079105
-1.663872
-0.178698
-1.500279
-0.626681
-0.695883
-0.127623
1.262841
0.501135
-0.584375
1.408650
-0.755051
-0.116246
-1.838789
-0.569453
-0.307979
-0.644287
1.620715
-0.050082
-0.197320
-1.788236
1.306473
1.392412
-1.132532
-2.078201
0.565065
-0.797498
-0.955816
-0.531183
0.547867
1.162203
-0.059555
0.856335
-0.539074
-0.306413
-1.939248
1.529491
-0.585634
-1.314730
-1.271397
1.424954
1.076902
-0.706904
-2.056993
0.775970
0.292517
0.114688
-0.630228
0.751877
0.026972
-0.323958
0.381380
-1.830751
-1.439839
1.045711
1.208581
1.783455
-0.486208
1.784949
1.131309
0.265142
-0.726581
-0.805876
-0.601905
-0.409629
-0.399332
-1.041300
0.495818
-0.123899
-0.777370
1.383601
-0.103131
1.014927
0.503593
0.423220
-0.625354
1.184824
-0.581677
0.224528
-0.524112
0.170072
-0.005709
-0.663507
-0.365287
0.014864
0.289258
0.108798
1.051364
1.712656
0.208576
-0.480975
-0.638395
-0.817191
-1.222331
0.643993
0.365484
0.616407
1.379286
0.600801
-0.243352
-1.406372
2.304763
1.645532
0.604867
-0.491665
-0.022785
-1.513620
0.323024
0.258169
-1.636973
0.476498
0.034599
-0.499831
-1.757177
-0.171066
-1.084006
0.355463
0.121149
-1.686207
1.379839
0.551458
0.059017
0.543533
1.148735
0.117384
1.831681
0.229865
-1.572948
0.904066
1.435069
0.764861
-0.721007
0.997509
-0.590908
-1.072749
-0.348819
-1.252829
0.688167
0.105725
0.305264
0.372270
-1.008126
-0.153297
-1.045497
0.648716
-0.896473
-0.512442
-1.267764
-0.991316
-0.421474
0.666688
-0.944757
-0.783941
-0.617767
0.936153
0.568475
-0.847756
-1.220874
1.933310
0.590533
-0.650884
0.435917
-0.982608
0.627148
-0.189854
0.189681
0.097177
0.616942
0.289801
0.232316
0.727258
2.294426
2.157956
0.123445
-1.075617
1.517135
-1.745949
0.995527
0.847361
-0.661053
0.537083
0.316769
1.363507
-1.360960
-0.069456
-0.417724
-0.375183
1.160826
0.268451
-1.683285
-0.148938
0.390044
0.532153
0.179776
0.256071
1.222555
-0.914247
0.530630
1.122366
-1.229373
0.712189
0.944718
0.895443
1.777391
1.615310
2.287178
-0.256712
0.889502
-0.128972
-0.283684
-0.345946
1.151313
-0.600689
-2.015922
0.488280
-3.092184
-1.750713
-1.075790
-0.119667
0.617505
-0.067934
0.743386
0.420336
-0.025177
-1.111151
-0.078218
-1.269045
-0.179183
-0.398488
-0.046011
-0.274749
0.934488
-0.460921
0.345363
-0.304102
0.427190
0.102770
-0.453670
1.014647
0.108588
0.148889
0.432843
-0.549310
0.514343
-0.454986
1.703310
0.611235
-0.571119
-0.395471
-1.147900
1.459763
0.207110
-1.741732
-0.716197
-2.247849
-0.898214
-0.938421
0.126999
0.870596
0.453196
2.750170
-1.048190
-0.838000
1.048961
0.864589
-0.006134
-2.194024
0.300350
0.051029
0.839119
1.637411
-0.034543
0.210267
-0.670058
1.097101
1.795219
-1.491989
0.005293
-1.036824
-0.380779
0.980978
-1.711080
0.351607
0.114964
1.502992
-1.245146
-0.417921
-0.040718
0.381718
-0.179651
0.800897
1.293191
-0.212112
-1.661332
0.732713
-0.326820
-0.667070
0.693855
0.447337
-0.571658
-0.441576
-0.466236
-0.022959
-1.066479
-1.233781
-0.918192
0.448382
1.173895
0.151935
-2.321985
0.395083
1.155040
1.744877
0.644805
-0.776967
0.427168
-0.004537
0.711572
-0.575783
0.514589
1.897961
1.836462
-2.575227
-1.684233
-0.362640
-1.247560
1.313988
-0.571950
0.353030
1.798615
-0.758578
2.239444
1.624016
-2.350790
0.848194
-2.103623
2.177920
0.072275
-0.556261
-0.170319
-0.308045
1.247746
0.238466
2.103306
-0.266438
-1.059981
-0.137397
-0.688477
-1.003208
0.472499
-0.197638
-1.284353
-0.898630
-0.603840
-0.343647
-1.436870
-0.693795
0.121691
-0.258335
0.728464
-0.693715
-0.106784
0.786233
1.431849
-1.071737
-0.472505
0.274960
-2.837639
-0.344465
-0.835091
0.633116
-1.006260
0.482370
0.262019
0.620848
0.566426
-1.748444
0.955608
0.881777
0.379402
1.473656
-0.070982
0.760011
0.828314
0.127183
0.214626
-1.784040
1.307610
-0.359525
0.203631
0.254568
0.025468
-0.728893
-0.248343
-0.339317
0.506279
0.015843
0.523601
0.339485
1.582940
-0.974013
-0.799542
0.179509
0.699659
1.615761
-1.038904
-1.026904
1.530292
0.682470
0.437337
0.582654
0.468364
-0.270299
1.206635
0.261290
1.628340
0.849380
-0.365269
1.646695
0.648680
-0.133729
-0.507658
0.621514
0.314949
0.897530
-1.249371
0.097204
1.399058
1.475284
1.405191
0.451532
-1.333417
0.683865
0.050315
-0.885790
1.556440
-0.551388
0.920601
-1.857256
0.847486
0.141742
-0.091830
0.566072
0.103489
-0.878928
0.371304
-0.672214
-1.027507
-0.110821
0.459472
-0.441497
-0.485549
-0.623264
2.199118
-1.011033
-0.108300
0.047887
0.991205
0.289417
-0.861194
0.205908
0.862044
0.415154
1.073911
-0.348244
0.198920
-1.043803
0.656109
-0.261424
-0.785623
0.677268
-0.302557
-0.615124
0.946172
-0.734165
-0.188174
-0.183487
0.234527
0.636469
0.568056
0.360192
-0.316792
-1.692603
-1.041424
1.162636
-0.816188
-1.047860
0.660904
0.450028
-0.704429
-0.979305
-0.059130
-0.626417
1.334150
0.938965
0.553798
-0.048919
-0.052351
0.565583
1.213952
0.690838
0.635153
-0.195839
0.090591
0.364635
0.439328
0.923195
-0.818256
-0.032135
-0.311408
-0.841647
1.935359
-0.359286
-0.678004
0.871686
-0.432727
0.126520
0.037455
1.290085
-1.685603
1.083167
0.231052
-1.043271
1.083081
1.461454
0.222238
0.035702
0.156214
-0.204395
-2.299912
2.414910
-1.553396
-0.641654
0.016429
-1.457631
-0.375692
-0.717878
1.249111
1.005159
-1.642647
1.060153
0.287274
1.104129
0.021175
0.878688
-0.875367
0.253819
0.553639
0.995774
0.099814
0.472545
-0.066860
-0.200422
0.009519
2.665333
-1.270674
-0.593774
-1.438713
-0.100471
0.152933
1.732319
1.264347
-1.002664
0.788259
-2.263778
-0.206107
0.071215
-0.047606
0.150487
1.430119
-0.569211
-1.926467
-2.231725
-0.489716
1.148979
-0.311580
0.282748
0.001464
-1.031381
0.598086
1.227314
-1.062846
0.523116
-0.196397
0.334578
0.606833
-0.036660
2.242405
-1.574381
0.460998
-0.123688
1.425874
-0.204882
0.214011
0.084960
-0.019096
-0.556287
-0.655909
0.150770
0.534121
-2.093579
0.926851
-0.234269
0.478982
0.052658
1.617169
2.136284
-0.141532
1.245905
-2.036954
0.180294
1.181437
-1.275523
-0.096182
0.820609
-0.311863
-0.290913
0.910825
2.136074
-0.768023
0.000130
0.903803
0.339235
-0.971047
-1.316621
0.180496
-1.978410
0.223442
1.137796
0.966767
0.786079
1.059543
0.344069
-0.896155
0.149112
0.059203
1.588374
-0.108904
1.737811
-0.701181
-1.160250
0.341427
-0.045377
-0.532592
-0.059067
-0.010746
0.258480
0.788618
-1.706936
1.315127
0.532070
0.647858
0.268024
-1.406876
0.274441
-0.599226
-1.325866
-1.428715
-0.627839
1.020961
2.298417
-0.541202
-0.558979
0.098155
-2.354651
-0.190274
0.658448
-1.464304
-0.600291
0.688299
-0.820378
-1.706251
0.157372
0.517074
-0.495606
-0.387020
-1.060997
1.392634
0.348169
-0.065932
-0.027690
0.900837
-0.619426
-0.017287
-0.996228
-0.203834
0.225358
0.642306
-0.325523
0.682050
-0.602544
0.175680
1.406083
-0.007010
0.186299
-0.062221
1.539190
-0.155775
0.880366
0.136811
-0.016799
-1.430240
1.370967
1.165794
-0.167164
-0.747574
0.829055
0.113898
0.279369
0.650060
-2.614161
-0.676987
0.764468
-0.223289
0.131590
1.241383
0.404463
-2.523681
0.037879
-0.047874
-0.354893
0.744322
-0.540393
2.238629
0.712455
-1.825246
-1.142980
1.080139
1.674123
-0.666541
-0.993143
-1.267399
-0.238321
0.725939
1.168076
2.265323
0.870295
-0.600802
-0.741215
-2.559090
0.712162
0.016800
0.223330
1.578978
0.631658
-0.828271
0.666955
0.238360
-0.704756
-0.276453
-0.003787
-1.144780
-0.519134
-1.193118
0.656166
-1.351092
0.075197
-0.877618
-0.335991
-0.237848
-0.858747
0.813718
0.718985
1.301090
0.996936
-0.243236
1.008912
-1.809322
0.833521
-0.191381
1.039838
-0.688497
-0.758216
-0.354627
-0.657361
0.609629
-1.091723
-0.708336
0.290425
2.064774
-0.375545
-1.734044
1.299077
-1.635414
-0.025234
-1.772240
-0.553523
-0.279495
0.896675
0.078952
-0.892378
0.177422
-0.480920
-0.277649
-1.166831
-1.174745
-2.230102
0.659507
1.008364
0.551245
-0.975234
1.018685
-0.532280
0.339870
-1.100831
0.558770
-0.467192
0.435775
1.175607
0.742580
-0.301777
-0.083298
0.988898
-1.233718
0.653497
1.697219
1.150620
1.170707
-0.186241
-0.123493
-1.744592
0.074143
0.191498
-0.163600
0.444718
0.384676
-0.911089
-0.413209
-0.142869
0.730481
0.198186
-0.065938
0.544273
-0.490290
-2.180379
-0.370381
1.107264
-0.868261
-0.030424
-0.035678
-1.198244
-0.391659
-0.157639
0.327059
-1.156628
1.118506
0.184322
-0.596170
-0.166044
-0.823792
-1.433958
0.391371
0.504059
-0.296121
0.062536
-0.315724
0.159254
-0.381612
1.821407
1.054113
-0.139852
-0.913492
-0.461624
0.004470
-0.316249
-0.076357
1.081657
0.823338
1.750454
0.976637
-1.596750
-1.083645
-1.029419
0.284994
-0.466084
0.270038
-0.520891
0.163540
0.004496
-0.788067
-0.316407
-1.030736
-0.176779
0.984823
0.202453
-1.228520
1.102152
0.888050
0.425996
-1.165986
0.241599
-0.913237
1.205824
-1.551948
0.628150
-1.347569
-0.262209
-0.382446
-2.512104
-0.254969
0.357051
-0.371459
-0.076202
-0.506828
-0.976026
-0.496126
0.203958
0.830586
1.910327
0.433226
0.847155
1.294098
-0.718410
-0.181203
-0.292543
-0.847030
-0.810726
1.094737
0.588815
-0.734299
-0.746126
0.011375
0.919014
-1.440966
-2.559819
-0.251385
0.173413
0.037757
0.596170
-1.022084
-0.581487
-1.088222
1.870271
-0.824347
-1.296785
-0.304957
1.892265
-0.616299
-0.804008
-0.779898
0.640437
-0.707739
0.590905
0.883675
1.944240
-0.370880
0.834089
-0.716459
-0.433361
-1.326044
0.540349
0.177824
-0.136565
-0.069748
1.936441
-1.194270
-0.571894
0.961937
-0.494284
1.657664
1.084093
-0.286633
1.596547
0.096860
-0.137865
-0.629572
-0.834631
-0.347698
0.197736
-0.126392
0.760527
0.521158
-1.663836
0.372466
1.490171
-0.875434
1.265392
0.137878
-1.247465
-0.427699
-0.590834
-0.929736
-0.054710
-0.799639
1.661740
0.067590
0.227468
1.129090
-0.270230
-1.636870
0.573734
-2.222035
0.298179
0.783357
-1.702402
0.007019
-1.504153
0.521838
-1.253581
1.299919
0.933300
0.385341
-0.944301
-0.767304
1.124903
1.187495
-0.641293
-0.735883
1.503123
-0.139905
0.873950
-0.416442
0.768139
-1.025057
0.919049
0.036675
1.066118
0.279694
-2.413975
-0.041433
1.224707
-1.272661
-0.195048
-1.767257
0.985425
-0.134226
-1.039268
-1.292236
1.032468
1.223774
-1.596899
-0.672448
-0.364879
1.164713
-0.496623
-0.910416
1.190592
-0.459015
-0.699385
-0.223861
-1.456590
0.384672
0.192209
-0.889570
-1.279675
-2.662821
0.850795
-0.179780
0.182259
0.687335
1.402230
0.358118
0.004831
-0.603403
-0.195300
0.207398
0.713908
0.200817
-1.321769
0.246495
-0.269282
-0.154159
0.104380
-0.974001
0.072863
-0.294527
-0.359253
0.742805
0.038802
-0.445815
1.325574
-0.744256
-0.146310
0.407602
-1.605052
0.954761
-0.427258
0.882552
0.117356
-1.142628
-0.324425
0.667852
-1.147162
-1.309253
0.227757
0.201090
1.488756
-0.168863
-0.840609
0.653843
-0.389540
-0.122465
-0.322867
0.426324
-0.262706
-0.334723
1.530378
-0.139482
0.503856
0.561983
0.112604
1.840013
0.993002
0.240663
-0.599788
-1.103564
-0.132287
-0.183884
-0.076256
-2.814722
-1.013573
-0.571255
-1.739099
0.291991
-0.669178
-0.685709
-0.643855
0.008211
0.234175
-0.226413
-0.615802
1.304384
1.812115
-0.338479
0.060548
-0.169959
1.191902
-1.019449
