0.278237
0.331187
0.007782
0.277779
0.649953
0.242347
0.072207
0.059755
0.270547
0.803034
0.155919
0.411878
0.703543
0.139622
0.929014
0.675680
0.368084
0.162999
0.653493
0.581256
0.025544
0.234169
0.811304
0.488083
0.681875
0.581896
0.476363
0.393567
0.187292
0.628498
0.962310
0.115085
0.314707
0.880093
0.776666
0.552477
0.597583
0.537584
0.412946
0.436567
0.708975
0.484512
0.011902
0.470595
0.662893
0.808313
0.423261
0.270028
0.619098
0.510697
0.698843
0.007996
0.572588
0.564104
0.548845
0.171453
0.709342
0.969817
0.792199
0.335459
0.709006
0.974395
0.332194
0.360912
0.776421
0.100620
0.688864
0.922636
0.682608
0.149113
0.619160
0.773492
0.597064
0.826716
0.856532
0.651448
0.992157
0.158361
0.500381
0.235023
0.400891
0.338267
0.087771
0.054292
0.309885
0.176794
0.877621
0.762841
0.967895
0.799310
0.378979
0.677450
0.391736
0.753227
0.655171
0.991638
0.351024
0.179571
0.434034
0.569170
0.612293
0.205145
0.556352
0.724113
0.224158
0.211676
0.793451
0.893155
0.125095
0.138249
0.564898
0.606952
0.854396
0.473098
0.588183
0.666646
0.647877
0.091006
0.991180
0.931425
0.699911
0.593097
0.918577
0.623890
0.872463
0.304117
0.163884
0.559191
0.632649
0.584948
0.858180
0.204260
0.500168
0.615101
0.746269
0.973266
0.785821
0.302774
0.082705
0.665700
0.901883
0.477767
0.677572
0.453475
0.026643
0.023804
0.124088
0.322825
0.403119
0.106845
0.739433
0.377606
0.054109
0.155126
0.249092
0.910367
0.194372
0.747490
0.747307
0.646901
0.121403
0.065981
0.963439
0.071291
0.866054
0.069613
0.366863
0.236946
0.383801
0.044588
0.140599
0.970336
0.568804
0.687857
0.555467
0.873501
0.871090
0.380322
0.775872
0.031892
0.798608
0.805597
0.628437
0.833155
0.085391
0.570635
0.364971
0.803735
0.806940
0.984863
0.950529
0.869259
0.223884
0.653249
0.908322
0.944975
0.635914
0.040681
0.252388
0.262551
0.026185
0.662923
0.539628
0.339457
0.778466
0.060732
0.571886
0.997131
0.247261
0.213752
0.780023
0.334117
0.463424
0.549760
0.820582
0.060945
0.754997
0.206061
0.416822
0.102084
0.565874
0.699118
0.975036
0.871975
0.252785
0.658467
0.007447
0.131108
0.142033
0.781426
0.893307
0.828608
0.627338
0.664846
0.008515
0.836879
0.589679
0.669942
0.756371
0.985687
0.921140
0.476516
0.529405
0.301004
0.433027
0.483169
0.134434
0.855220
0.930326
0.709098
0.711509
0.134770
0.733177
0.354411
0.678426
0.332072
0.427137
0.674673
0.731864
0.466964
0.122990
0.326243
0.436323
0.744926
0.007721
0.838740
0.432295
0.057466
0.467574
0.370128
0.794702
0.031861
0.564745
0.402234
0.573107
0.535417
0.149022
0.530869
0.044862
0.041322
0.385022
0.008667
0.712180
0.762383
0.976989
0.196051
0.574664
0.957823
0.872127
0.576128
0.708701
0.320902
0.723533
0.490890
0.684500
0.852565
0.894223
0.254097
0.852229
0.127537
0.283425
0.797388
0.028871
0.359539
0.756523
0.505814
0.616443
0.171270
0.459334
0.399152
0.683035
0.476089
0.799066
0.315073
0.038209
0.376751
0.371807
0.250710
0.833918
0.488693
0.619312
0.518357
0.721427
0.592578
0.494644
0.872219
0.096927
0.023835
0.919858
0.261818
0.465804
0.704520
0.314890
0.368908
0.457289
0.223792
0.981048
0.583392
0.520981
0.873989
0.618122
0.575579
0.836207
0.047304
0.758599
0.119663
0.465285
0.901028
0.398389
0.326182
0.282571
0.695456
0.606372
0.938139
0.709738
0.712912
0.393658
0.848445
0.789239
0.162358
0.623920
0.494003
0.626820
0.977142
0.245796
0.283151
0.734397
0.911100
0.629170
0.712394
0.304544
0.839991
0.285714
0.328928
0.948027
0.674306
0.756096
0.195227
0.925260
0.789483
0.943632
0.011628
0.403302
0.380108
0.677358
0.553484
0.769555
0.644032
0.784082
0.578967
0.533036
0.202887
0.451979
0.863948
0.845271
0.665365
0.166204
0.519883
0.170995
0.738945
0.998047
0.251381
0.141179
0.797082
0.528855
0.709281
0.118320
0.307382
0.190161
0.595691
0.506241
0.027741
0.300760
0.677419
0.335063
0.375927
0.582476
0.363628
0.153111
0.879360
0.435652
0.004425
0.756401
0.111484
0.755882
0.566179
0.787378
0.020386
0.572466
0.840083
0.734153
0.056307
0.291025
0.840327
0.361248
0.004303
0.820429
0.547899
0.103244
0.928373
0.365856
0.656209
0.452620
0.132694
0.169256
0.475082
0.872982
0.547380
0.978240
0.649159
0.268838
0.443587
0.524461
0.846858
0.543474
0.885556
0.793634
0.076601
0.275674
0.824763
0.367138
0.785974
0.047151
0.243263
0.617756
0.400342
0.451308
0.251991
0.039521
0.457381
0.315104
0.550096
0.494247
0.993316
0.165044
0.152379
0.654866
0.337565
0.468459
0.790216
0.427381
0.971770
0.681448
0.892605
0.632740
0.609333
0.634785
0.553514
0.729545
0.152287
0.288949
0.392102
0.859127
0.681082
0.389538
0.711264
0.994079
0.133824
0.054170
0.861629
0.471603
0.831477
0.822565
0.216773
0.692831
0.504654
0.200415
0.666158
0.269478
0.978973
0.229194
0.031434
0.398907
0.174505
0.111820
0.313517
0.749016
0.576312
0.427046
0.175298
0.634175
0.831568
0.962218
0.567461
0.763451
0.630085
0.697134
0.902860
0.342112
0.524400
0.968932
0.685965
0.808283
0.845241
0.350383
0.003876
0.985260
0.369213
0.271859
0.784631
0.931364
0.894620
0.919095
0.229347
0.268044
0.381664
0.437269
0.324808
0.268044
0.813471
0.973235
0.841945
0.484359
0.433973
0.586688
0.727012
0.201453
0.519028
0.561907
0.291910
0.490249
0.336985
0.150884
0.109104
0.147465
0.455000
0.279733
0.018097
0.301462
0.047182
0.248756
0.149632
0.964965
0.361126
0.958342
0.373394
0.316324
0.998718
0.691153
0.076113
0.990936
0.167699
0.982574
0.675710
0.163121
0.560381
0.609912
0.778253
0.700797
0.015076
0.232154
0.383618
0.173070
0.617725
0.711631
0.046297
0.993347
0.398297
0.647938
0.397351
0.477645
0.280038
0.156713
0.934294
0.100925
0.436384
0.423292
0.484359
0.731437
0.712455
0.063173
0.248329
0.124851
0.267220
0.820582
0.830226
0.459822
0.092837
0.635609
0.159886
0.195227
0.566820
0.612506
0.714347
0.031465
0.693960
0.918973
0.944090
0.256233
0.193884
0.148625
0.310831
0.256203
0.090457
0.177648
0.842921
0.476333
0.959502
0.046663
0.614246
0.607440
0.490890
0.899350
0.053591
0.283425
0.521439
0.508927
0.490280
0.069948
0.194708
0.423811
0.841914
0.024873
0.403912
0.263649
0.851680
0.612598
0.174383
0.196966
0.780236
0.252846
0.141881
0.131626
0.958983
0.285836
0.782434
0.649709
0.111087
0.634358
0.550829
0.217383
0.846278
0.944517
0.583300
0.701804
0.235389
0.486373
0.121036
0.725608
0.871944
0.595355
0.310556
0.890805
0.325510
0.936125
0.537339
0.402722
0.394513
0.369762
0.948912
0.125980
0.063784
0.706107
0.323557
0.603107
0.573473
0.121494
0.941130
0.067232
0.505722
0.524430
0.611957
0.980590
0.294931
0.649190
0.520188
0.128971
0.068270
0.159703
0.037904
0.804895
0.222480
0.544053
0.166204
0.109043
0.643178
0.081454
0.759392
0.902951
0.972991
0.662648
0.188604
0.442549
0.835047
0.745140
0.601428
0.225318
0.417280
0.224342
0.433027
0.080905
0.324870
0.502274
0.325755
0.037690
0.106021
0.534196
0.113315
0.995666
0.358257
0.135716
0.025239
0.737205
0.820582
0.330393
0.768792
0.307321
0.358592
0.019776
0.643513
0.293863
0.248451
0.757073
0.345927
0.039491
0.665487
0.905301
0.619343
0.316904
0.784570
0.961852
0.405805
0.497574
0.397870
0.329844
0.656392
0.746391
0.456557
0.318552
0.455733
0.272683
0.442427
0.652974
0.617512
0.169317
0.975921
0.274911
0.406537
0.870693
0.566820
0.716178
0.544450
0.761284
0.913602
0.825159
0.154515
0.965941
0.657949
0.128269
0.802332
0.852779
0.000732
0.607593
0.288430
0.280404
0.085299
0.175390
0.349132
0.120548
0.554735
0.627461
0.921690
0.087313
0.189184
0.356182
0.130284
0.404187
0.029633
0.604419
0.649098
0.340312
0.894009
0.541978
0.598193
0.147252
0.692221
0.945280
0.629231
0.427137
0.446455
0.761986
0.356670
0.463942
0.422590
0.341594
0.791162
0.548753
0.279092
0.613361
0.930692
0.830409
0.640095
0.992462
0.166662
0.723014
0.998260
0.296396
0.660604
0.401013
0.354045
0.451979
0.347301
0.413770
0.497604
0.274758
0.721976
0.950072
0.339457
0.102054
0.066195
0.784722
0.196295
0.560564
0.269936
0.437849
0.437941
0.250038
0.905362
0.578265
0.402234
0.624439
0.708823
0.202307
0.983367
0.851283
0.127506
0.619404
0.800501
0.930937
0.086520
0.775353
0.352672
0.856899
0.633198
0.944823
0.066378
0.098392
0.614277
0.324229
0.641743
0.186377
0.042848
0.556475
0.603992
0.684378
0.310953
0.718039
0.466079
0.325297
0.903806
0.800806
0.409162
0.595630
0.772729
0.218940
0.886563
0.547899
0.022156
0.372509
0.058046
0.123234
0.067568
0.798883
0.460372
0.764702
0.920164
0.943419
0.820338
0.602954
0.754845
0.080569
0.416669
0.995361
0.417859
0.416456
0.897305
0.700125
0.029695
0.904386
0.957396
0.466109
0.340403
0.804559
0.785394
0.320109
0.992737
0.519272
0.682943
0.332560
0.349925
0.734489
0.764397
0.143132
0.044374
0.399548
0.143193
0.027223
0.902738
0.575884
0.510605
0.784753
0.404675
0.686148
0.513108
0.232337
0.331034
0.195013
0.835292
0.580706
0.757530
0.252937
0.393536
0.477371
0.050356
0.333842
0.547838
0.997375
0.020386
0.398389
0.736991
0.361766
0.891354
0.613788
0.444105
0.666646
0.238868
0.161626
0.898465
0.402539
0.556719
0.164678
0.419721
0.046358
0.605976
0.264168
0.811213
0.506973
0.203589
0.878750
0.708243
0.705252
0.606952
0.676168
0.287515
0.070284
0.150182
0.289346
0.244545
0.233070
0.288675
0.807764
0.444472
0.698294
0.708121
0.075106
0.153142
0.776055
0.654195
0.325602
0.254707
0.554918
0.139256
0.188604
0.361370
0.196692
0.182226
0.594287
0.222327
0.335093
0.737877
0.610431
0.337657
0.859157
0.471816
0.742576
0.183477
0.862300
0.037538
0.727958
0.954894
0.039247
0.011628
0.354991
0.232368
0.311075
0.143315
0.339427
0.478683
0.959899
0.074801
0.788202
0.771783
0.054933
0.188665
0.282662
0.680563
0.450789
0.738243
0.112186
0.689108
0.138859
0.917570
0.689138
0.076327
0.234046
0.027100
0.677053
0.656941
0.377026
0.391400
0.862789
0.289468
0.834101
0.184637
0.304086
0.558947
0.075381
0.821223
0.783898
0.539079
0.112857
0.066378
0.102329
0.040712
0.379376
0.524522
0.238105
0.253456
0.429975
0.659902
0.910001
0.185369
0.246620
0.007508
0.570238
0.808374
0.427900
0.729209
0.360698
0.314463
0.044465
0.171941
0.063204
0.390088
0.442061
0.584307
0.575152
0.913755
0.772729
0.647267
0.942015
0.984008
0.536088
0.975860
0.477340
0.683889
0.911374
0.247627
0.002411
0.487594
0.161870
0.114505
0.735954
0.716330
0.893002
0.553880
0.865261
0.948973
0.444807
0.815577
0.330882
0.794092
0.200751
0.620655
0.854884
0.929899
0.093844
0.768487
0.744652
0.817469
0.090823
0.808313
0.503403
0.994385
0.936796
0.931364
0.778619
0.354778
0.940123
0.740104
0.679434
0.321665
0.080294
0.050508
0.994598
0.318308
0.218848
0.384075
0.342021
0.444655
0.695181
0.305063
0.781213
0.764977
0.088382
0.260201
0.919675
0.113193
0.426435
0.076266
0.045167
0.822108
0.623737
0.772332
0.314066
0.282357
0.428480
0.842372
0.527909
0.738243
0.661245
0.665242
0.529069
0.225623
0.025330
0.197699
0.746757
0.058931
0.271310
0.606738
0.924650
0.773278
0.995666
0.997742
0.561480
0.927580
0.855983
0.894589
0.095706
0.675649
0.483016
0.628101
0.365703
0.510941
0.871609
0.288583
0.376171
0.091342
0.530992
0.399487
0.903195
0.550340
0.176519
0.967650
0.967650
0.200690
0.243355
0.067019
0.709433
0.037111
0.003723
0.611744
0.693411
0.943815
0.569170
0.474807
0.177831
0.013489
0.558489
0.608966
0.377422
0.884030
0.713095
0.325480
0.251350
0.498489
0.240974
0.387616
0.848231
0.196020
0.170293
0.074679
0.738731
0.538408
0.494034
0.873165
0.567614
0.779382
0.386883
0.950743
0.255928
0.382946
0.275735
0.070223
0.884884
0.496597
0.044862
0.098910
0.792657
0.785821
0.157079
0.769860
0.915433
0.536424
0.972350
0.851344
0.903623
0.430464
0.044588
0.381176
0.044832
0.902280
0.678732
0.121158
0.524979
0.480972
0.528092
0.888821
0.057802
0.025361
0.514847
0.922300
0.415815
0.257820
0.853236
0.934629
0.891903
0.503098
0.458113
0.013825
0.224494
0.038606
0.519211
0.024873
0.016572
0.962249
0.522721
0.669790
0.180059
0.983886
0.501480
0.862300
0.437025
0.047243
0.794733
0.573290
0.408643
0.187872
0.099216
0.802973
0.323191
0.533677
0.092227
0.836451
0.874874
0.854396
0.408277
0.438520
0.263558
0.566149
0.250587
0.144597
0.948271
0.597400
0.418561
0.303049
0.144017
0.022034
0.032472
0.026124
0.594684
0.867031
0.736808
0.705222
0.651967
0.999420
0.663137
0.246742
0.192724
0.500168
0.934294
0.685232
0.405072
0.430433
0.990478
0.329173
0.975097
0.396466
0.519303
0.096835
0.705130
0.819788
0.270180
0.197516
0.094974
0.318796
0.535051
0.814600
0.917173
0.107669
0.576067
0.947081
0.317606
0.819330
0.782128
0.065493
0.473098
0.658345
0.834986
0.738517
0.336467
0.290170
0.666250
0.886380
0.500900
0.373211
0.487075
0.817743
0.714805
0.139195
0.670858
0.705771
0.078219
0.929289
0.771081
0.660146
0.452071
0.090762
0.454848
0.050874
0.111606
0.142247
0.634175
0.240364
0.175268
0.611621
0.575182
0.379864
0.840144
0.454970
0.267464
0.426710
0.955321
0.461470
0.834498
0.038514
0.964446
0.550676
0.265938
0.500595
0.748589
0.368999
0.253883
0.342601
0.400678
0.091098
0.413587
0.801263
0.463118
0.832575
0.670431
0.784722
0.659291
0.580096
0.093783
0.495224
0.650319
0.045839
0.959960
0.366344
0.848994
0.351512
0.324198
0.470748
0.821039
0.948851
0.884548
0.054964
0.305734
0.682791
0.417096
0.357494
0.387127
0.403485
0.565447
0.366039
0.846522
0.033143
0.264473
0.670949
0.227973
0.494552
0.580432
0.069979
0.648274
0.406812
0.248115
0.081942
0.881680
0.955290
0.686666
0.024232
0.751915
0.841304
0.774926
0.811365
0.361553
0.718375
0.168218
0.130345
0.191046
0.020814
0.436934
0.149419
0.597583
0.591510
0.808954
0.415998
0.746086
0.014374
0.796564
0.100436
0.502762
0.058412
0.489792
0.241890
0.322977
0.139225
0.796625
0.152135
0.664541
0.204413
0.411817
0.634022
0.957305
0.949065
0.795679
0.170415
0.661153
0.767357
0.943602
0.740471
0.442854
0.347179
0.228034
0.418653
0.003174
0.313211
0.093966
0.413556
0.585955
0.825129
0.889035
0.702353
0.699820
0.537156
0.609729
0.916959
0.084078
0.825495
0.845027
0.638722
0.450270
0.689047
0.698202
0.757500
0.029847
0.230628
0.968719
0.051119
0.460280
0.124363
0.374920
0.642384
0.039918
0.975677
0.099216
0.488601
0.883480
0.980010
0.436415
0.561174
0.008942
0.786859
0.827265
0.870479
0.887722
0.974944
0.057619
0.992828
0.488418
0.044893
0.905271
0.255745
0.346538
0.336100
0.014740
0.237617
0.690542
0.773217
0.282540
0.737907
0.155675
0.849239
0.532823
0.874447
0.117283
0.751152
0.765587
0.464034
0.174230
0.034425
0.758415
0.342448
0.814173
0.752373
0.302896
0.779809
0.791345
0.447157
0.857204
0.648457
0.249092
0.908078
0.895566
0.498611
0.117313
0.103885
0.736747
0.198737
0.816584
0.195196
0.131993
0.296396
0.800317
0.032991
0.394055
0.756188
0.966216
0.049928
0.348430
0.230964
0.467544
0.950438
0.888272
0.522263
0.956877
0.105747
0.413892
0.386700
0.791803
0.060518
0.938353
0.344066
0.235572
0.056795
0.140355
0.643910
0.182714
0.981903
0.145634
0.046327
0.441359
0.646290
0.318033
0.573565
0.103427
0.797998
0.841700
0.888516
0.034120
0.779473
0.375408
0.456587
0.011658
0.233100
0.560686
0.146794
0.548662
0.762261
0.664357
0.428663
0.926450
0.953063
0.137272
0.821131
0.473434
0.664296
0.370434
0.749504
0.619221
0.990875
0.429243
0.467147
0.754631
0.807337
0.048006
0.197546
0.430494
0.297769
0.665029
0.153478
0.924894
0.378430
0.780297
0.589434
0.711173
0.418867
0.416456
0.543443
0.857387
0.168371
0.964690
0.424543
0.888852
0.293802
0.196417
0.102298
0.144597
0.434767
0.722709
0.654500
0.159398
0.182775
0.681539
0.429243
0.102298
0.890500
0.935392
0.577807
0.803247
0.717185
0.559648
0.714408
0.398480
0.816858
0.903256
0.859218
0.126774
0.075289
0.002747
0.320811
0.307077
0.301950
0.631550
0.674337
0.028901
0.283334
0.764489
0.491592
0.587176
0.603931
0.740410
0.979308
0.192206
0.640950
0.902707
0.181860
0.986633
0.639241
0.999969
0.904996
0.899655
0.272225
0.127323
0.015839
0.371105
0.595935
0.490524
0.276864
0.475600
0.801325
0.772942
0.368816
0.478103
0.671987
0.387799
0.259377
0.352702
0.153264
0.396313
0.574175
0.295541
0.938566
0.372936
0.125431
0.762871
0.479843
0.999298
0.255531
0.065950
0.328135
0.667745
0.151006
0.053896
0.210273
0.876186
0.783685
0.915372
0.748131
0.694784
0.634724
0.630909
0.226997
0.086612
0.858608
0.106967
0.318796
0.362682
0.042207
0.522599
0.166540
0.553209
0.216498
0.920347
0.736747
0.976104
0.275826
0.572741
0.845210
0.784021
0.462020
0.155095
0.763207
0.771020
0.069094
0.256569
0.809870
0.220405
0.024934
0.259957
0.837184
0.074801
0.506211
0.122227
0.013764
0.209662
0.242531
0.086550
0.813868
0.091494
0.666646
0.857204
0.617389
0.602496
0.566332
0.268471
0.827876
0.311808
0.394604
0.979492
0.914060
0.975921
0.894345
0.224921
0.281503
0.548326
0.193609
0.154302
0.380810
0.480667
0.028016
0.789911
0.958037
0.595752
0.246071
0.135380
0.854244
0.314188
0.254280
0.465957
0.259987
0.515976
0.557695
0.331309
0.831233
0.817927
0.052522
0.303049
0.572527
0.548265
0.227058
0.997040
0.894620
0.200140
0.926756
0.402661
0.751488
0.644429
0.840297
0.050111
0.264168
0.883755
0.362438
0.046449
0.736930
0.628895
0.990326
0.512375
0.472274
0.478561
0.908750
0.450392
0.291238
0.983978
0.921690
0.576128
0.164708
0.379376
0.385388
0.143468
0.862545
0.259957
0.299875
0.295541
0.026399
0.988311
0.214789
0.971770
0.572802
0.110324
0.105960
0.903256
0.832301
0.562639
0.879086
0.727165
0.331339
0.951842
0.656148
0.751549
0.623035
0.687429
0.502029
0.401532
0.072878
0.249641
0.746147
0.878933
0.005829
0.373058
0.556291
0.065371
0.121006
0.427625
0.920866
0.201422
0.580187
0.778100
0.695212
0.371868
0.676382
0.403363
0.868923
0.329112
0.488723
0.556719
0.709952
0.685751
0.429975
0.748405
0.942076
0.007355
0.092837
0.831629
0.611591
0.837184
0.301401
0.473403
0.799890
0.183325
0.773766
0.791437
0.838008
0.500656
0.302286
0.438154
0.179144
0.697409
0.857967
0.913480
0.586016
0.199011
0.524339
0.387005
0.788507
0.599536
0.668264
0.811548
0.268441
0.932249
0.252785
0.608722
0.327799
0.090670
0.699393
0.708274
0.095981
0.431349
0.204657
0.221870
0.632954
0.089206
0.918943
0.533128
0.784417
0.037385
0.891995
0.084811
0.945128
0.422315
0.192969
0.644765
0.386517
0.205329
0.110111
0.331034
0.305368
0.642415
0.836970
0.178838
0.249123
0.632862
0.551042
0.529099
0.074374
0.468520
0.291482
0.020753
0.095157
0.014405
0.541643
0.467971
0.576678
0.852687
0.923032
0.403088
0.230781
0.420057
0.906919
0.567064
0.870357
0.671377
0.949736
0.128361
0.877194
0.299295
0.958373
0.911527
0.641530
0.041993
0.492172
0.416761
0.627796
0.110172
0.607196
0.912168
0.223975
0.264138
0.749321
0.378704
0.030274
0.572954
0.602649
0.590869
0.743553
0.386029
0.298990
0.112491
0.293558
0.549211
0.895199
0.490616
0.387677
0.395978
0.523942
0.427107
0.119816
0.545610
0.124973
0.210639
0.800104
0.038789
0.162450
0.189550
0.661580
0.842921
0.234931
0.566668
0.600116
0.257118
0.984222
0.297952
0.603717
0.249763
0.209174
0.375927
0.027375
0.257912
0.591052
0.278817
0.370434
0.481765
0.936186
0.867428
0.711295
0.203803
0.342662
0.509903
0.457411
0.165197
0.197119
0.717063
0.565508
0.529527
0.407605
0.067812
0.888791
0.466079
0.779290
0.707785
0.807550
0.883297
0.938841
0.200659
0.799066
0.343944
0.714042
0.014801
0.103275
0.693228
0.374584
0.425733
0.140355
0.430860
0.640431
0.115665
0.836512
0.358776
0.864162
0.252083
0.514267
0.535264
0.293222
0.325419
0.503433
0.067110
0.818720
0.528336
0.128971
0.770928
0.116428
0.956847
0.232185
0.234596
0.587054
0.415174
0.881283
0.310770
0.001282
0.105441
0.427473
0.572985
0.256294
0.983123
0.563555
0.765862
0.149815
0.059847
0.539933
0.781030
0.577868
0.435072
0.195868
0.189276
0.062929
0.336833
0.960814
0.860897
0.018067
0.954161
0.483016
0.705008
0.653829
0.341350
0.041353
0.059359
0.933988
0.176092
0.396466
0.761864
0.486190
0.651967
0.237556
0.434553
0.874203
0.287179
0.881466
0.012421
0.137425
0.930723
0.379437
0.046968
0.004578
0.746666
0.689016
0.816919
0.687155
0.458541
0.065767
0.776238
0.659261
0.634571
0.332957
0.372021
0.330241
0.295236
0.183508
0.762200
0.015992
0.624348
0.172002
0.465011
0.115238
0.064730
0.552324
0.471603
0.897366
0.580370
0.616779
0.852443
0.807642
0.365154
0.694174
0.389325
0.696341
0.780816
0.461653
0.264107
0.878048
0.804102
0.727805
0.334910
0.427046
0.765191
0.342143
0.032014
0.615619
0.658589
0.388348
0.403821
0.900754
0.807001
0.316599
0.344310
0.366283
0.160466
0.171758
0.533921
0.026307
0.011322
0.573473
0.123997
0.895993
0.406446
0.604419
0.696982
0.236305
0.037782
0.263131
0.533067
0.878994
0.893216
0.637532
0.714927
0.037568
0.447768
0.455153
0.101260
0.511185
0.677664
0.166906
0.701285
0.687094
0.677419
0.220099
0.480087
0.248299
0.162023
0.677267
0.127628
0.992737
0.635060
0.836756
0.821558
0.669362
0.504013
0.011811
0.515091
0.239021
0.924100
0.123936
0.782281
0.464675
0.651967
0.266915
0.750450
0.238075
0.690420
0.897855
0.152257
0.549394
0.005097
0.811426
0.027863
0.505142
0.095218
0.553667
0.108860
0.301645
0.698569
0.431318
0.415113
0.559496
0.412671
0.773064
0.095676
0.925840
0.513565
0.599261
0.045045
0.350261
0.752434
0.355846
0.326365
0.941008
0.412641
0.869106
0.932035
0.807184
0.407392
0.177221
0.913785
0.794000
0.699759
0.395337
0.413160
0.516312
0.826350
0.269662
0.623524
0.597766
0.805475
0.577746
0.214942
0.520859
0.211646
0.030122
0.253273
0.994812
0.697073
0.830866
0.144597
0.247017
0.741813
0.551866
0.636341
0.145116
0.913724
0.478530
0.406323
0.554674
0.419263
0.081668
0.270760
0.839930
0.226691
0.773431
0.542894
0.913205
0.542833
0.601794
0.573138
0.739494
0.924436
0.041566
0.001984
0.702261
0.805628
0.536882
0.757500
0.736778
0.722770
0.951933
0.327586
0.637532
0.017487
0.586291
0.339366
0.445479
0.299997
0.910855
0.976379
0.321635
0.452834
0.680807
0.264534
0.813440
0.457259
0.581652
0.759178
0.919706
0.823115
0.064852
0.662954
0.860866
0.903317
0.529130
0.907346
0.960356
0.874569
0.503555
0.227699
0.543657
0.665090
0.989135
0.764214
0.261299
0.610981
0.614582
0.218909
0.741691
0.122532
0.763024
0.101352
0.980377
0.141179
0.325358
0.092593
0.371960
0.669027
0.237251
0.060213
0.790948
0.151708
0.455061
0.754631
0.627155
0.996307
0.527940
0.718375
0.183081
0.004639
0.421552
0.439558
0.338542
0.004730
0.750267
0.280831
0.889126
0.460005
0.073519
0.214667
0.464644
0.338542
0.413160
0.896817
0.434400
0.023591
0.647511
0.108707
0.704276
0.545824
0.938749
0.100620
0.813288
0.919614
0.849788
0.865963
0.234840
0.863765
0.306803
0.878658
0.289651
0.688284
0.063631
0.324931
0.575762
0.628742
0.824519
0.360210
0.322886
0.408521
0.681173
0.422559
0.576586
0.311594
0.020753
0.134373
0.618610
0.545640
0.560503
0.822901
0.530320
0.177770
0.665822
0.191168
0.304361
0.423872
0.607685
0.170965
0.411817
0.572344
0.915799
0.488052
0.230506
0.324168
0.483718
0.971984
0.240913
0.830226
0.582202
0.141179
0.395978
0.206824
0.436781
0.094821
0.570818
0.811487
0.526475
0.242103
0.499039
0.059084
0.258980
0.901364
0.101291
0.061190
0.179479
0.298898
0.613056
0.867855
0.368603
0.000031
0.417035
0.594958
0.186163
0.302652
0.987335
0.217261
0.017029
0.625019
0.850887
0.308725
0.174932
0.418958
0.972839
0.511429
0.620838
0.639882
0.472091
0.014130
0.652181
0.304209
0.072970
0.822077
0.218757
0.166631
0.199713
0.098666
0.022004
0.047090
0.119480
0.361187
0.053743
0.839747
0.040803
0.810785
0.730552
0.734886
0.573046
0.578692
0.280038
0.684744
0.453688
0.169897
0.535569
0.644948
0.949217
0.885006
0.795160
0.622425
0.836268
0.501938
0.901120
0.061159
0.369030
0.998871
0.196905
0.597522
0.139256
0.599078
0.516831
0.715293
0.235023
0.919797
0.865474
0.332865
0.604663
0.505173
0.942656
0.853267
0.031861
0.525925
0.170415
0.708029
0.628712
0.925779
0.378246
0.926817
0.252083
0.796594
0.802728
0.763390
0.750481
0.263344
0.557665
0.909726
0.446974
0.659963
0.231727
0.328990
0.764946
0.277444
0.768700
0.239265
0.402326
0.465682
0.287423
0.278512
0.961364
0.369793
0.997589
0.382672
0.439222
0.082614
0.867153
0.408002
0.486557
0.494491
0.198309
0.028443
0.839778
0.621448
0.767785
0.940031
0.833186
0.693197
0.687521
0.902829
0.397900
0.782250
0.642872
0.652333
0.452925
0.255165
0.663625
0.211097
0.095248
0.827326
0.084506
0.631977
0.494980
0.502579
0.851588
0.704245
0.901791
0.178747
0.830409
0.654073
0.669088
0.200568
0.272378
0.370037
0.701712
0.641011
0.095889
0.185705
0.234016
0.592456
0.137577
0.749687
0.344096
0.248726
0.031098
0.015015
0.110721
0.059755
0.868801
0.879086
0.818934
0.739311
0.302835
0.504837
0.120762
0.407636
0.242256
0.855312
0.557543
0.650472
0.801660
0.471816
0.349345
0.774712
0.658315
0.027985
0.858699
0.043062
0.473830
0.690207
0.633900
0.168401
0.536058
0.815821
0.439161
0.848781
0.278542
0.020814
0.177068
0.625141
0.832759
0.147679
0.109684
0.842463
0.269845
0.164922
0.285257
0.995392
0.688375
0.529466
0.575640
0.240181
0.803613
0.043153
0.231727
0.353832
0.195227
0.735008
0.362682
0.921628
0.869594
0.799432
0.244942
0.034577
0.292367
0.122929
0.867916
0.277841
0.548509
0.429762
0.621906
0.291330
0.785211
0.577807
0.535264
0.683950
0.594165
0.036317
0.966277
0.582476
0.490005
0.076540
0.156499
0.596606
0.140202
0.706259
0.551805
0.481185
0.503464
0.879971
0.296976
0.276894
0.532395
0.015564
0.810663
0.210791
0.597156
0.349040
0.846370
0.137852
0.285592
0.158086
0.946440
0.804743
0.737144
0.386395
0.694418
0.717124
0.165654
0.699362
0.672781
0.891812
0.728446
0.502701
0.531877
0.274667
0.396680
0.955473
0.076418
0.106235
0.984649
0.508042
0.776086
0.015381
0.992859
0.997101
0.605579
0.123020
0.422346
0.828333
0.621876
0.936796
0.215583
0.278329
0.183172
0.317881
0.480758
0.446791
0.217353
0.301614
0.155492
0.890561
0.445143
0.052492
0.266213
0.470260
0.964660
0.735557
0.439467
0.441420
0.103702
0.584704
0.821619
0.320627
0.945708
0.949858
0.062685
0.558702
0.435713
0.603565
0.521134
0.551317
0.472976
0.088961
0.345592
0.019196
0.895810
0.389630
0.589618
0.288522
0.765435
0.703269
0.016053
0.502762
0.854823
0.599994
0.747154
0.297830
0.749046
0.346660
0.416303
0.971007
0.462966
0.678518
0.978545
0.675466
0.982849
0.799249
0.834925
0.671316
0.638173
0.890957
0.427961
0.164678
0.709525
0.914975
0.963988
0.765801
0.179327
0.985107
0.418409
0.097385
0.031220
0.094241
0.481002
0.585101
0.004608
0.475936
0.596240
0.960295
0.210486
0.381726
0.756096
0.507370
0.514786
0.555925
0.200690
0.586383
0.095798
0.188849
0.683798
0.462142
0.081332
0.629933
0.458449
0.971465
0.672536
0.641560
0.640248
0.059267
0.659963
0.475539
0.103122
0.715415
0.738701
0.552873
0.565203
0.342784
0.528611
0.028199
0.019837
0.088656
0.705679
0.020631
0.169073
0.169866
0.151067
0.791375
0.014771
0.723594
0.524064
0.650166
0.264840
0.214637
0.164922
0.871548
0.709586
0.930845
0.734367
0.401837
0.225288
0.597217
0.495132
0.638661
0.561022
0.640919
0.642933
0.063784
0.564837
0.137486
0.592059
0.010987
0.005524
0.970397
0.622547
0.349590
0.646687
0.234169
0.794855
0.365551
0.728599
0.413465
0.538347
0.620930
0.514847
0.368480
0.819849
0.073061
0.059450
0.658315
0.298563
0.235084
0.851161
0.233345
0.373608
0.658193
0.490555
0.028382
0.530290
0.517869
0.057222
0.487014
0.891446
0.584674
0.322031
0.549028
0.380261
0.361034
0.461653
0.132115
0.400525
0.665487
0.431288
0.638752
0.440687
0.445082
0.651845
0.519669
0.508194
0.098025
0.167577
0.425581
0.799951
0.086856
0.931211
0.977691
0.515366
0.124271
0.371502
0.688681
0.218421
0.712210
0.901090
0.065371
0.654622
0.315867
0.519425
0.424451
0.429304
0.953642
0.167882
0.451918
0.453627
0.484329
0.993225
0.038270
0.564318
0.372936
0.175024
0.420331
0.223426
0.216193
0.474593
0.160649
0.704550
0.809015
0.159948
0.996521
0.671590
0.033235
0.464797
0.088748
0.556200
0.350200
0.236274
0.702963
0.640584
0.177496
0.929014
0.852779
0.251320
0.932310
0.600665
0.937895
0.971099
0.021546
0.065950
0.907285
0.273751
0.560991
0.865017
0.978973
0.490188
0.103610
0.202399
0.447798
0.509751
0.159520
0.513321
0.612293
0.124729
0.787683
0.812708
0.352000
0.423750
0.041444
0.483932
0.386303
0.139622
0.548753
0.663350
0.746300
0.359294
0.008240
0.876400
0.490677
0.500931
0.882931
0.082369
0.197119
0.964782
0.071902
0.783471
0.260231
0.364391
0.842555
0.354198
0.527390
0.744041
0.802759
0.248329
0.303812
0.688620
0.196417
0.238716
0.257881
0.732444
0.301828
0.346477
0.258248
0.973296
0.214972
0.616199
0.673696
0.297403
0.798914
0.392773
0.167180
0.122501
0.080294
0.256630
0.515519
0.064302
0.874783
0.273476
0.485122
0.433180
0.921506
0.714377
0.296243
0.967315
0.309214
0.903348
0.706107
0.708121
0.474563
0.347545
0.242225
0.424909
0.553484
0.807550
0.617878
0.494308
0.367840
0.462630
0.859767
0.641072
0.827937
0.828791
0.180548
0.446455
0.032014
0.584063
0.126347
0.030671
0.844813
0.959288
0.030763
0.814997
0.235237
0.848659
0.307321
0.770562
0.155766
0.297891
0.610401
0.059450
0.243416
0.525193
0.397076
0.475051
0.124729
0.131962
0.920469
0.586810
0.605274
0.658986
0.185614
0.997009
0.525254
0.144566
0.900174
0.614612
0.562456
0.841273
0.949797
0.353343
0.763451
0.746422
0.430708
0.159459
0.084841
0.103946
0.769829
0.776116
0.725455
0.532853
0.964202
0.150151
0.530625
0.938932
0.470717
0.887967
0.250221
0.865993
0.777612
0.665975
0.931394
0.442732
0.188635
0.003082
0.227088
0.581683
0.851619
0.300027
0.902371
0.586108
0.562243
0.553087
0.318491
0.821650
0.374554
0.647511
0.177557
0.608417
0.549242
0.637562
0.307566
0.990295
0.871303
0.918912
0.769982
0.537187
0.867702
0.700003
0.070833
0.836940
0.957152
0.678426
0.756584
0.832759
0.062380
0.328593
0.175848
0.662801
0.716819
0.707114
0.688681
0.157720
0.196387
0.181860
0.103916
0.652974
0.708304
0.991302
0.626942
0.271462
0.167302
0.039705
0.097659
0.333506
0.591662
0.835719
0.801569
0.049684
0.648762
0.978881
0.633656
0.153447
0.383129
0.101871
0.897549
0.629048
0.656789
0.673910
0.520249
0.191809
0.333934
0.571429
0.964629
0.676443
0.741173
0.822993
0.620014
0.989685
0.434095
0.434187
0.952696
0.783807
0.802026
0.698630
0.197546
0.507126
0.541581
0.901730
0.871761
0.987518
0.531022
0.823359
0.892117
0.205451
0.135899
0.945402
0.577136
0.412915
0.477859
0.770745
0.315165
0.253975
0.697287
0.159764
0.179662
0.043855
0.741722
0.090915
0.273202
0.862270
0.710471
0.750908
0.080905
0.617328
0.287576
0.361583
0.615284
0.736961
0.293527
0.649464
0.633106
0.642811
0.887722
0.363659
0.705741
0.664083
0.452010
0.749260
0.424512
0.546892
0.688009
0.382000
0.521805
0.215735
0.957579
0.270333
0.189520
0.942900
0.399426
0.631428
0.376263
0.582507
0.852046
0.247291
0.343822
0.025239
0.114444
0.807245
0.265175
0.530107
0.576342
0.142644
0.144444
0.089084
0.748375
0.761132
0.840480
0.481704
0.724296
0.585009
0.475082
0.174810
0.105808
0.301920
0.007569
0.724845
0.421644
0.232398
0.256172
0.837642
0.572008
0.121494
0.148167
0.743431
0.329814
0.760582
0.479995
0.041932
0.429395
0.845302
0.967803
0.674856
0.274941
0.976257
0.870907
0.181097
0.798853
0.208350
0.968413
0.891995
0.501846
0.055391
0.170507
0.221717
0.206122
0.355937
0.546220
0.710166
0.552629
0.906613
0.047761
0.973418
0.773400
0.269387
0.714225
0.219275
0.770959
0.659139
0.634175
0.483139
0.035371
0.316904
0.449904
0.240791
0.430677
0.276467
0.683798
0.554827
0.381146
0.929289
0.667928
0.409803
0.489914
0.294504
0.358684
0.393902
0.120090
0.400708
0.817621
0.381939
0.969939
0.684744
0.638844
0.376873
0.173650
0.814631
0.105838
0.165593
0.958892
0.842616
0.357372
0.945708
0.391644
0.094333
0.344615
0.578814
0.240974
0.700827
0.860714
0.627491
0.493545
0.178991
0.423597
0.831324
0.550157
0.967589
0.293771
0.178900
0.635029
0.324198
0.407941
0.231666
0.449171
0.489914
0.510086
0.855861
0.599322
0.527909
0.260842
0.019135
0.833369
0.741905
0.606922
0.807855
0.613666
0.081149
0.191198
0.320902
0.059633
0.437971
0.085482
0.597583
0.790613
0.243873
0.626362
0.233924
0.700369
0.271157
0.636158
0.845546
0.194525
0.045564
0.809687
0.032014
0.922269
0.776543
0.548418
0.999512
0.533006
0.211280
0.023133
0.497971
0.490280
0.319224
0.746269
0.228950
0.473128
0.212195
0.435224
0.380474
0.396649
0.207892
0.448225
0.444838
0.583117
0.441542
0.573321
0.976257
0.114566
0.933073
0.452467
0.443861
0.898495
0.515305
0.421461
0.836940
0.477279
0.530137
0.047090
0.178137
0.113590
0.698019
0.143040
0.601276
0.181890
0.067904
0.545274
0.149754
0.398083
0.453536
0.428510
0.952086
0.918332
0.261879
0.445235
0.930265
0.838130
0.120914
0.467788
0.698172
0.123142
0.212256
0.215613
0.805139
0.502976
0.715049
0.548235
0.981658
0.358684
0.267556
0.705588
0.543413
0.136296
0.852565
0.277047
0.609638
0.316599
0.012696
0.179876
0.292154
0.472701
0.802454
0.429090
0.511521
0.447096
0.382305
0.979125
0.596088
0.178869
0.662099
0.419446
0.320872
0.212653
0.899075
0.804804
0.541917
0.420331
0.657765
0.401196
0.082583
0.967071
0.036927
0.629597
0.028108
0.052522
0.570666
0.987854
0.084750
0.459120
0.709433
0.232429
0.159307
0.437483
0.287515
0.601276
0.815882
0.961791
0.882962
0.358715
0.765770
0.885006
0.476424
0.444166
0.046724
0.025910
0.315043
0.505356
0.048036
0.719199
0.387646
0.097720
0.037477
0.859310
0.417615
0.331065
0.346446
0.969970
0.779412
0.744469
0.869747
0.330363
0.245308
0.691427
0.035646
0.689138
0.968566
0.015625
0.903531
0.597369
0.608783
0.299112
0.544053
0.892209
0.006561
0.464003
0.359355
0.362011
0.312906
0.008942
0.498520
0.124393
0.980132
0.661611
0.025239
0.748527
0.520157
0.728233
0.993744
0.652455
0.436934
0.922178
0.088778
0.807611
0.238716
0.951659
0.986877
0.280679
0.936644
0.648946
0.093997
0.645131
0.936033
0.921659
0.816980
0.792566
0.726402
0.307382
0.023682
0.176214
0.276772
0.413526
0.849696
0.017060
0.541887
0.022645
0.506149
0.504166
0.986419
0.145512
0.246559
0.520249
0.532853
0.802393
0.147404
0.924223
0.839320
0.814112
0.859859
0.921323
0.314066
0.384320
0.988189
0.552538
0.772118
0.753929
0.251717
0.834376
0.141057
0.708914
0.085849
0.580157
0.121830
0.223182
0.839045
0.434553
0.210852
0.017121
0.221595
0.151830
0.989532
0.313700
0.162816
0.649709
0.087802
0.572924
0.732444
0.869930
0.728050
0.486068
0.282785
0.976531
0.254402
0.010987
0.468093
0.923399
0.555773
0.729759
0.296762
0.922147
0.786889
0.309458
0.873226
0.841639
0.294717
0.348338
0.985443
0.070437
0.156255
0.387432
0.194311
0.873409
0.233741
0.369701
0.581652
0.773522
0.153905
0.327738
0.811853
0.990692
0.116977
0.581072
0.665120
0.468032
0.942473
0.224586
0.697104
0.517716
0.256996
0.189215
0.181890
0.616718
0.231513
0.656148
0.994476
0.384716
0.773156
0.105655
0.588885
0.274575
0.578509
0.782281
0.728294
0.006989
0.954802
0.856777
0.123325
0.280587
0.814356
0.067110
0.634907
0.788690
0.749657
0.118900
0.197485
0.073824
0.594317
0.626881
0.119755
0.251686
0.377026
0.878719
0.918088
0.135075
0.073855
0.202307
0.339457
0.789758
0.066134
0.218024
0.730674
0.053072
0.709311
0.756523
0.408643
0.047029
0.919431
0.724326
0.189520
0.216102
0.183599
0.697531
0.732139
0.922361
0.900601
0.525590
0.851894
0.128147
0.457289
0.725913
0.461959
0.197913
0.948302
0.950774
0.297494
0.350566
0.944029
0.307627
0.079348
0.793268
0.214026
0.814600
0.273385
0.068300
0.811579
0.771416
0.101871
0.644124
0.425733
0.328074
0.963103
0.281442
0.407514
0.031678
0.915311
0.206427
0.375805
0.633381
0.381390
0.621448
0.809931
0.936033
0.730705
0.585131
0.534532
0.964232
0.893735
0.792718
0.503372
0.237892
0.666555
0.288095
0.788354
0.430769
0.860836
0.638874
0.179510
0.194372
0.955718
0.605182
0.303110
0.430006
0.408155
0.834315
0.662984
0.788629
0.277413
0.611835
0.512406
0.680837
0.320475
0.200446
0.962065
0.577746
0.214331
0.798303
0.230689
0.884182
0.061434
0.647298
0.444563
0.165319
0.834712
0.323374
0.891842
0.008148
0.918027
0.739616
0.138585
0.299051
0.399091
0.893307
0.912168
0.198340
0.270028
0.888607
0.158300
0.593585
0.192755
0.265755
0.178777
0.312693
0.984863
0.168157
0.254707
0.877926
0.482498
0.378704
0.663045
0.081973
0.936674
0.756340
0.491440
0.168188
0.598651
0.104312
0.158544
0.894772
0.651265
0.001587
0.045442
0.265419
0.142186
0.627888
0.144658
0.207526
0.075381
0.114475
0.133000
0.978057
0.316843
0.451674
0.774651
0.580004
0.471358
0.483810
0.060244
0.969543
0.385937
0.023865
0.989044
0.335215
0.436598
0.618152
0.399121
0.231178
0.254555
0.992615
0.753777
0.844630
0.048097
0.712271
0.288064
0.179662
0.176519
0.084567
0.423780
0.438276
0.132054
0.838404
0.857845
0.379772
0.586474
0.609241
0.230873
0.940062
0.658254
0.762871
0.782250
0.891964
0.056795
0.587573
0.897366
0.827754
0.259743
0.387280
0.954070
0.245125
0.379833
0.505997
0.374035
0.018189
0.877377
0.815149
0.285592
0.034150
0.774743
0.695273
0.703818
0.277566
0.529130
0.042970
0.634754
0.142705
0.219581
0.334452
0.009613
0.256325
0.204901
0.277017
0.855464
0.590716
0.908414
0.079775
0.607990
0.149571
0.885891
0.874538
0.973785
0.007141
0.833155
0.318552
0.247139
0.982147
0.689077
0.910092
0.488510
0.727653
0.490829
0.048036
0.470382
0.518571
0.136998
0.367138
0.797021
0.517167
0.715506
0.379467
0.104312
0.798639
0.551988
0.954344
0.745994
0.917661
0.635273
0.666768
0.872188
0.297159
0.575915
0.546922
0.307230
0.220649
0.754326
0.260628
0.132084
0.709311
0.814570
0.253243
0.378491
0.065035
0.159978
0.887387
0.740318
0.360820
0.607288
0.106052
0.709159
0.659627
0.854762
0.652760
0.039583
0.242988
0.921476
0.378948
0.951140
0.630787
0.213294
0.671072
0.972411
0.672994
0.372112
0.527757
0.834498
0.495224
0.564562
0.318796
0.319163
0.578906
0.366314
0.756981
0.468459
0.757500
0.898679
0.113804
0.061708
0.409955
0.372814
0.211158
0.766930
0.632771
0.699057
0.219001
0.871395
0.671682
0.316477
0.791406
0.999481
0.394421
0.899564
0.571398
0.722343
0.085940
0.097995
0.596545
0.466994
0.346721
0.966216
0.635884
0.629963
0.376293
0.238166
0.989837
0.302591
0.422468
0.104526
0.784295
0.513962
0.677999
0.647694
0.290109
0.397290
0.405652
0.591479
0.299173
0.186804
0.573199
0.521470
0.088351
0.450789
0.779168
0.232337
0.002777
0.466994
0.751122
0.358257
0.189093
0.147313
0.197302
0.942961
0.510941
0.417158
0.293130
0.105197
0.176672
0.456374
0.583636
0.456618
0.111911
0.707602
0.583117
0.427320
0.606800
0.058535
0.853542
0.156255
0.270425
0.104312
0.842341
0.102084
0.822901
0.896207
0.261757
0.031251
0.756493
0.082553
0.289804
0.538926
0.397473
0.849361
0.375317
0.759667
0.399274
0.564898
0.927366
0.423658
0.198645
0.536485
0.670949
0.915098
0.466079
0.784509
0.949828
0.488296
0.081423
0.240150
0.757836
0.298898
0.666280
0.273568
0.780145
0.405286
0.204138
0.957976
0.225288
0.397137
0.780053
0.976562
0.729667
0.807184
0.969970
0.578234
0.115360
0.962462
0.912503
0.488357
0.283059
0.431135
0.593097
0.180822
0.020539
0.721397
0.372448
0.417737
0.008759
0.388501
0.290384
0.462905
0.806360
0.206214
0.176336
0.875454
0.093844
0.559221
0.097659
0.289682
0.959075
0.712058
0.177160
0.087649
0.504471
0.111545
0.311075
0.370342
0.558336
0.378765
0.818415
0.134159
0.770684
0.146397
0.553575
0.058626
0.874905
0.398236
0.512864
0.811701
0.396954
0.466994
0.466353
0.278756
0.593066
0.346202
0.646626
0.622120
0.897061
0.473312
0.025086
0.576189
0.658650
0.639332
0.207892
0.885861
0.454329
0.181738
0.481613
0.293283
0.751366
0.117222
0.041078
0.980071
0.206854
0.369488
0.930021
0.870327
0.382641
0.749626
0.725486
0.701926
0.157567
0.844172
0.498245
0.271004
0.618244
0.468123
0.079257
0.756981
0.709464
0.838282
0.164495
0.533494
0.425825
0.123539
0.288491
0.372356
0.825587
0.528794
0.198614
0.445967
0.647816
0.567736
0.660878
0.035035
0.814508
0.681753
0.228431
0.347575
0.598773
0.860683
0.004669
0.355296
0.740135
0.421613
0.931211
0.054140
0.288339
0.602496
0.632801
0.054689
0.457106
0.125950
0.350078
0.908963
0.268685
0.390545
0.991485
0.079623
0.270821
0.444899
0.835414
0.958495
0.107242
0.401410
0.914304
0.839473
0.222724
0.445692
0.611255
0.253365
0.484420
0.097873
0.501114
0.569903
0.000275
0.882260
0.966704
0.273904
0.916135
0.061068
0.621845
0.821192
0.472274
0.589587
0.072268
0.481094
0.101474
0.947417
0.045564
0.071413
0.848933
0.003540
0.421491
0.992248
0.895627
0.570666
0.194189
0.464827
0.466994
0.805139
0.897061
0.381848
0.907041
0.108951
0.521622
0.675100
0.200018
0.690115
0.462325
0.607318
0.720573
0.436903
0.517411
0.893612
0.493515
0.263588
0.477889
0.059755
0.744835
0.582476
0.335795
0.942686
0.024873
0.059481
0.642689
0.739860
0.684988
0.309122
0.049684
0.513901
0.988891
0.685110
0.560656
0.558458
0.640309
0.822901
0.529374
0.531480
0.007569
0.090579
0.932066
0.762597
0.826960
0.604236
0.946654
0.640370
0.665578
0.963622
0.369823
0.486007
0.925535
0.365276
0.903439
0.819636
0.670125
0.248695
0.840999
0.425184
0.053713
0.131687
0.186010
0.120731
0.636372
0.791925
0.733238
0.639912
0.364147
0.449812
0.143742
0.530869
0.497391
0.110324
0.546037
0.479263
0.266732
0.718619
0.692984
0.961119
0.539476
0.286599
0.207312
0.632160
0.276559
0.646718
0.945982
0.359722
0.062166
0.988433
0.014740
0.303354
0.486496
0.834559
0.464827
0.950621
0.663533
0.613117
0.202063
0.514145
0.664754
0.481246
0.140385
0.596393
0.150151
0.557176
0.130680
0.528062
0.977721
0.216742
0.696188
0.286721
0.072512
0.610706
0.105899
0.401776
0.337321
0.058779
0.817194
0.751732
0.884945
0.477126
0.818476
0.660787
0.374126
0.495010
0.903928
0.200049
0.730827
0.417493
0.410810
0.100314
0.034547
0.689840
0.451186
0.182348
0.852901
0.020173
0.168645
0.711020
0.803797
0.816706
0.052126
0.579455
0.628224
0.095370
0.837306
0.729667
0.553362
0.514908
0.027070
0.715598
0.228401
0.694571
0.562944
0.815088
0.013764
0.471755
0.677328
0.596881
0.904874
0.255104
0.459304
0.348918
0.872250
0.129582
0.164251
0.274392
0.898770
0.869808
0.798914
0.861354
0.495285
0.517747
0.013092
0.332591
0.976348
0.681295
0.829432
0.581866
0.276406
0.209601
0.241890
0.502518
0.589007
0.401715
0.215186
0.115085
0.608753
0.404706
0.115390
0.400067
0.658559
0.957305
0.103641
0.241615
0.482711
0.135685
0.523972
0.389325
0.987243
0.257576
0.816553
0.843593
0.708701
0.600360
0.987487
0.570910
0.292886
0.090335
0.166540
0.955748
0.764611
0.618702
0.284158
0.895016
0.869320
0.140843
0.398572
0.941008
0.268715
0.214942
0.704733
0.399915
0.871090
0.136509
0.756188
0.791345
0.077181
0.324595
0.930998
0.575274
0.224036
0.116398
0.673025
0.553484
0.006684
0.626362
0.539964
0.850215
0.160192
0.825709
0.589160
0.879849
0.182196
0.499313
0.132633
0.206732
0.378094
0.235389
0.392560
0.704154
0.009552
0.104923
0.088107
0.918027
0.827815
0.186621
0.485549
0.042238
0.773095
0.593982
0.942198
0.411573
0.121097
0.160344
0.475997
0.918027
0.858364
0.438704
0.391491
0.257729
0.566790
0.171819
0.493973
0.413953
0.599811
0.889767
0.922361
0.282723
0.830531
0.790155
0.133000
0.847163
0.753349
0.558275
0.064638
0.807062
0.220374
0.282693
0.016541
0.069826
0.594073
0.122837
0.270699
0.008789
0.596728
0.884854
0.989380
0.895474
0.638874
0.161718
0.419324
0.411847
0.907376
0.194372
0.933958
0.649190
0.994201
0.109592
0.944548
0.499161
0.347911
0.691031
0.211890
0.843898
0.328471
0.339824
0.589618
0.451155
0.146733
0.380963
0.730338
0.980804
0.470077
0.371380
0.785943
0.008820
0.975280
0.566454
0.633351
0.475295
0.629780
0.200903
0.656850
0.462203
0.983032
0.740287
0.618336
0.707846
0.248390
0.759697
0.646718
0.763543
0.457808
0.605335
0.877529
0.199499
0.469558
0.495804
0.774621
0.765526
0.110996
0.219031
0.664205
0.913022
0.237312
0.081027
0.513474
0.584735
0.987518
0.263070
0.484298
0.678304
0.018769
0.242988
0.293771
0.089755
0.000977
0.437727
0.912656
0.743461
0.151738
0.722098
0.632618
0.514573
0.094089
0.981506
0.034455
0.450392
0.817499
0.353557
0.887478
0.196753
0.023560
0.315653
0.511826
0.035707
0.638203
0.274514
0.635243
0.440870
0.770379
0.813776
0.274911
0.556475
0.899899
0.256050
0.676077
0.506607
0.574816
0.696097
0.838557
0.940855
0.399823
0.160131
0.662282
0.722221
0.596881
0.049287
0.243477
0.164129
0.919370
0.521744
0.352245
0.722617
0.201117
0.970946
0.623005
0.549333
0.321421
0.255776
0.489364
0.812830
0.867092
0.838923
0.394116
0.193030
0.273354
0.489334
0.305918
0.456191
0.724296
0.706076
0.074007
0.516129
0.594409
0.518418
0.651967
0.887692
0.712424
0.819727
0.721671
0.939665
0.228523
0.890255
0.749290
0.852107
0.366527
0.266121
0.003876
0.685568
0.841914
0.610065
0.570238
0.467452
0.227119
0.740135
0.887051
0.702506
0.045656
0.473342
0.841762
0.213172
0.875423
0.439589
0.953368
0.716544
0.243568
0.522782
0.674184
0.043489
0.593371
0.084964
0.342235
0.407025
0.104617
0.630207
0.815119
0.625538
0.648946
0.063784
0.316782
0.707358
0.660817
0.203742
0.528489
0.702872
0.206183
0.700308
0.455153
0.230628
0.029542
0.019837
0.098300
0.583483
0.860500
0.649861
0.466964
0.820704
0.761620
0.180242
0.957671
0.753319
0.798547
0.418531
0.634785
0.227668
0.813562
0.194006
0.442579
0.614460
0.583789
0.007721
0.880306
0.908872
0.145573
0.184576
0.170965
0.348369
0.566271
0.683493
0.456069
0.954466
0.944029
0.221870
0.046480
0.904233
0.917997
0.871242
0.261635
0.138401
0.469069
0.779199
0.887478
0.112156
0.293039
0.175176
0.785058
0.094211
0.527390
0.315317
0.680807
0.921628
0.112674
0.522996
0.669332
0.615528
0.569933
0.981567
0.460891
0.764580
0.475509
0.435072
0.903745
0.082156
0.414319
0.453688
0.813532
0.043794
0.692740
0.419416
0.640309
0.010743
0.592761
0.889218
0.004791
0.746239
0.448195
0.490890
0.635151
0.730522
0.324534
0.009003
0.735008
0.181066
0.583544
0.815882
0.314951
0.184057
0.113742
0.304788
0.517563
0.843348
0.508438
0.481704
0.468307
0.853328
0.971953
0.370830
0.682852
0.401929
0.235755
0.391369
0.562212
0.810022
0.265755
0.361064
0.007202
0.812983
0.041566
0.282876
0.683309
0.891690
0.189581
0.571245
0.966857
0.558092
0.750511
0.873928
0.104495
0.002411
0.863247
0.145817
0.616657
0.007752
0.645772
0.131199
0.476211
0.538621
0.054598
0.910031
0.094119
0.909513
0.004273
0.665242
0.642811
0.939756
0.527360
0.326914
0.748466
0.001129
0.257027
0.249672
0.084078
0.364116
0.013398
0.579424
0.894131
0.749229
0.774010
0.465926
0.981628
0.489761
0.810846
0.777306
0.190008
0.212165
0.274392
0.472671
0.910092
0.440107
0.006348
0.289285
0.643391
0.028626
0.861904
0.900418
0.153874
0.834803
0.323099
0.200018
0.238502
0.530717
0.684683
0.870968
0.648305
0.965484
0.593127
0.892148
0.190863
0.982269
0.220649
0.141942
0.546129
0.096530
0.855220
0.753227
0.825861
0.942198
0.187597
0.376507
0.408887
0.891049
0.077395
0.007935
0.082736
0.752800
0.078310
0.537614
0.023347
0.961241
0.504807
0.675039
0.643696
0.152867
0.320811
0.407727
0.842982
0.544572
0.632130
0.649312
0.687460
0.016175
0.063356
0.233283
0.054109
0.304453
0.801294
0.908780
0.268471
0.214637
0.584826
0.494308
0.267739
0.255867
0.424268
0.846461
0.320688
0.606586
0.329630
0.798761
0.835505
0.816340
0.830561
0.727744
0.286447
0.150090
0.568072
0.902249
0.791375
0.981597
0.740013
0.272103
0.370434
0.141301
0.681326
0.852535
0.418012
0.626423
0.360271
0.360363
0.418561
0.577624
0.071780
0.258919
0.438093
0.930387
0.109622
0.866634
0.421918
0.645955
0.698080
0.687002
0.830775
0.928709
0.964660
0.615223
0.645589
0.336161
0.235206
0.177984
0.273080
0.187872
0.432630
0.462905
0.382641
0.179205
0.859890
0.893399
0.206336
0.606616
0.149541
0.505783
0.332987
0.110446
0.660451
0.884487
0.527604
0.341594
0.102542
0.411420
0.607379
0.458022
0.672170
0.986785
0.905911
0.858119
0.477584
0.875790
0.356090
0.055940
0.537400
0.839686
0.723869
0.106021
0.132145
0.205298
0.023133
0.482589
0.790735
0.030976
0.644002
0.820521
0.692892
0.023927
0.224891
0.423780
0.769005
0.366283
0.800165
0.947722
0.278237
0.105167
0.254219
0.161229
0.146702
0.263741
0.613849
0.195654
0.846248
0.329051
0.209235
0.185766
0.095950
0.273324
0.235755
0.710013
0.166906
0.764275
0.747246
0.935575
0.071688
0.721580
0.612079
0.874813
0.420118
0.875057
0.463668
0.659444
0.221900
0.481063
0.175970
0.238289
0.418226
0.853389
0.895993
0.405255
0.422681
0.864864
0.163884
0.563646
0.453627
0.075838
0.152501
0.133030
0.938444
0.646138
0.557085
0.004852
0.771538
0.685904
0.166509
0.953337
0.707022
0.202734
0.647938
0.407392
0.667501
0.300546
0.574908
0.490493
0.249916
0.786584
0.231422
0.734031
0.210211
0.842799
0.222266
0.370952
0.207434
0.918271
0.421461
0.615650
0.589099
0.498245
0.289712
0.836482
0.498703
0.906644
0.092318
0.027009
0.086856
0.797571
0.048799
0.482498
0.107028
0.493240
0.945189
0.087497
0.677419
0.823176
0.240547
0.121311
0.489975
0.621967
0.199194
0.986999
0.248207
0.541398
0.079073
0.770531
0.614429
0.333384
0.908322
0.036470
0.448134
0.259590
0.880825
0.766076
0.616871
0.784509
0.902371
0.844081
0.160070
0.207953
0.318186
0.000793
0.088443
0.393170
0.353618
0.615558
0.598590
0.246834
0.298685
0.287484
0.985321
0.107578
0.968230
0.580370
0.032472
0.698538
0.468581
0.847346
0.163457
0.800928
0.802423
0.542192
0.132633
0.304422
0.342082
0.923063
0.539201
0.790796
0.704154
0.554918
0.944517
0.306955
0.054964
0.517289
0.874142
0.483810
0.379406
0.723258
0.485885
0.656819
0.743706
0.255867
0.185308
0.145054
0.083590
0.128666
0.969512
0.344676
0.549272
0.376080
0.780572
0.792810
0.937986
0.880123
0.650594
0.858608
0.246040
0.839869
0.918363
0.217689
0.871029
0.289651
0.299783
0.765709
0.495712
0.572253
0.093204
0.127689
0.184881
0.173528
0.300546
0.419477
0.726279
0.824580
0.945830
0.417280
0.746849
0.277718
0.371990
0.791620
0.635792
0.662648
0.797998
0.562151
0.805536
0.828791
0.916349
0.429182
0.321421
0.580248
0.813135
0.138707
0.432508
0.209693
0.991791
0.536576
0.033235
0.237220
0.781152
0.468612
0.588672
0.760582
0.910031
0.182562
0.553270
0.322886
0.528672
0.388287
0.815546
0.704428
0.458968
0.632344
0.199133
0.544206
0.954314
0.143406
0.551744
0.198035
0.750420
0.804559
0.453261
0.739158
0.688650
0.408582
0.074404
0.507645
0.692587
0.853267
0.216681
0.114963
0.379528
0.431654
0.065584
0.309793
0.087924
0.875088
0.687796
0.611438
0.602161
0.303476
0.803644
0.117069
0.355693
0.741173
0.866482
0.389172
0.394238
0.352306
0.979644
0.828944
0.879635
0.054201
0.682852
0.442824
0.416211
0.663289
0.138737
0.407392
0.980590
0.230567
0.751274
0.339549
0.736290
0.723106
0.746757
0.677969
0.514237
0.707144
0.749260
0.082095
0.240699
0.189489
0.881314
0.255196
0.093631
0.273537
0.421216
0.097171
0.668844
0.785699
0.548418
0.593799
0.937071
0.529069
0.207617
0.348735
0.273415
0.320048
0.623829
0.164068
0.340403
0.464705
0.498642
0.576220
0.105533
0.830531
0.419507
0.752922
0.775109
0.170263
0.513291
0.657918
0.925047
0.854183
0.874966
0.889554
0.610553
0.666280
0.803156
0.099124
0.735405
0.821802
0.373547
0.396191
0.461989
0.861141
0.381390
0.645589
0.944121
0.577380
0.184210
0.064028
0.162908
0.633045
0.476608
0.021516
0.147740
0.022645
0.527482
0.453932
0.362957
0.037111
0.911802
0.793298
0.542100
0.886593
0.267220
0.822077
0.750450
0.637379
0.108127
0.357219
0.957427
0.620014
0.226814
0.170904
0.899991
0.963805
0.714133
0.053316
0.518387
0.414991
0.130650
0.424940
0.745231
0.094241
0.859218
0.403272
0.929533
0.349590
0.170507
0.731376
0.676534
0.361705
0.032838
0.473769
0.385144
0.657155
0.197089
0.886044
0.263527
0.186132
0.588458
0.364849
0.104648
0.120975
0.536149
0.884030
0.602863
0.031556
0.872158
0.823237
0.492569
0.593921
0.430189
0.595630
0.290719
0.488174
0.976806
0.980468
0.923795
0.642628
0.104709
0.567003
0.020722
0.479202
0.120914
0.216193
0.153630
0.317454
0.459670
0.945982
0.806330
0.593036
0.652486
0.146672
0.353191
0.046693
0.385784
0.532884
0.828669
0.540361
0.677908
0.737754
0.769250
0.656331
0.706168
0.956267
0.909024
0.736015
0.315928
0.543352
0.009613
0.514298
0.742454
0.973724
0.606708
0.006012
0.576586
0.068697
0.953246
0.800378
0.506394
0.897641
0.941588
0.419874
0.864956
0.258553
0.285226
0.900327
0.516221
0.145970
0.741691
0.247200
0.110172
0.110569
0.657277
0.925748
0.238044
0.918180
0.615955
0.040071
0.519456
0.413556
0.472518
0.358440
0.152257
0.995697
0.551927
0.839961
0.956755
0.610614
0.295938
0.820002
0.444899
0.667989
0.138249
0.509659
0.946776
0.787744
0.889401
0.966247
0.324168
0.783227
0.412488
0.190435
0.303995
0.786737
0.871731
0.506912
0.961699
0.924039
0.333689
0.884121
0.386425
0.443770
0.004089
0.350047
0.059053
0.708396
0.880062
0.159886
0.974517
0.952574
0.099948
0.871700
0.039155
0.215308
0.771630
0.986633
0.775201
0.352550
0.560350
0.310129
0.862606
0.535600
0.817927
0.689657
0.550615
0.142399
0.533921
0.285775
0.469100
0.447707
0.890591
0.032929
0.872158
0.018097
0.702231
0.445479
0.843959
0.218513
0.521043
0.426069
0.499313
0.736320
0.689779
0.232063
0.709311
0.529099
0.123173
0.256325
0.383618
0.102664
0.099185
0.778954
0.840785
0.525437
0.840999
0.345653
0.297494
0.085055
0.171484
0.929655
0.008576
0.994324
0.021210
0.532701
0.088198
0.051759
0.071078
0.382214
0.544267
0.663991
0.311045
0.379925
0.556780
0.135014
0.796075
0.959014
0.531785
0.630116
0.380657
0.005524
0.961791
0.719077
0.713187
0.000824
0.624134
0.906339
0.271035
0.040529
0.148442
0.053407
0.718253
0.886929
0.484695
0.100223
0.366527
0.710837
0.302438
0.991394
0.021088
0.679128
0.853603
0.213996
0.992523
0.044160
0.328745
0.853053
0.555803
0.891598
0.239204
0.570330
0.638050
0.202246
0.855617
0.413800
0.015839
0.385235
0.234413
0.863094
0.803613
0.937651
0.863521
0.017457
0.514267
0.387402
0.458174
0.333079
0.473586
0.175939
0.938932
0.814661
0.868862
0.636219
0.121830
0.068972
0.214087
0.722770
0.153386
0.125950
0.512192
0.650197
0.220496
0.433027
0.895627
0.095706
0.567309
0.930357
0.026917
0.122806
0.349620
0.611744
0.040468
0.481521
0.358867
0.478439
0.305918
0.442061
0.146092
0.291757
0.795770
0.817957
0.577960
0.030610
0.337291
0.334788
0.355052
0.460646
0.530778
0.000916
0.525101
0.720603
0.614734
0.636433
0.520890
0.332713
0.059786
0.216498
0.755303
0.543352
0.172491
0.185522
0.303934
0.399609
0.489731
0.398022
0.707053
0.468764
0.245766
0.843135
0.421766
0.606372
0.692679
0.807978
0.956114
0.679617
0.555559
0.637379
0.215613
0.651936
0.403699
0.745079
0.094455
0.935057
0.219092
0.033174
0.841762
0.415113
0.943449
0.376354
0.234321
0.058718
0.284829
0.326487
0.087893
0.505325
0.565691
0.694266
0.136845
0.552202
0.892666
0.164037
0.814722
0.938322
0.430219
0.598407
0.966216
0.333140
0.059053
0.187811
0.022126
0.937010
0.200323
0.102908
0.668447
0.598682
0.087252
0.804529
0.540727
0.857265
0.265419
0.668325
0.975311
0.813623
0.602405
0.080172
0.348186
0.238594
0.588885
0.658498
0.033235
0.823695
0.211676
0.759636
0.510727
0.980193
0.180486
0.922910
0.657369
0.093966
0.789453
0.411145
0.749443
0.641285
0.194281
0.503464
0.210089
0.072085
0.387463
0.695853
0.631764
0.867367
0.651082
0.466597
0.105411
0.676412
0.770043
0.762230
0.387799
0.940611
0.786126
0.860378
0.937529
0.909482
0.574145
0.765831
0.351848
0.455885
0.021882
0.796350
0.234809
0.596179
0.094577
0.513657
0.028657
0.121525
0.565569
0.656850
0.838862
0.247108
0.694143
0.233711
0.785028
0.684957
0.631855
0.426740
0.908170
0.046785
0.838771
0.469588
0.165960
0.983581
0.290475
0.150639
0.547166
0.967009
0.757714
0.099857
0.836360
0.120548
0.938993
0.514908
0.060213
0.004975
0.728660
0.482894
0.147130
0.765618
0.400342
0.554582
0.830348
0.546861
0.988006
0.726066
0.326914
0.580767
0.645497
0.485519
0.823176
0.855708
0.265786
0.080386
0.298135
0.771081
0.141240
0.661489
0.715964
0.685018
0.946135
0.460280
0.118778
0.760552
0.822718
0.655934
0.651387
0.016968
0.852077
0.087649
0.048463
0.992798
0.691000
0.469314
0.616443
0.925657
0.656026
0.261910
0.240089
0.856838
0.036012
0.860988
0.446455
0.565233
0.914731
0.254128
0.056093
0.737968
0.283975
0.806146
0.453902
0.283486
0.729545
0.326731
0.009949
0.193487
0.470107
0.078066
0.682333
0.859951
0.031434
0.878048
0.332530
0.253426
0.336253
0.955077
0.785272
0.869106
0.491409
0.711722
0.163488
0.846370
0.053652
0.052309
0.530168
0.168828
0.055300
0.431440
0.367779
0.350291
0.570513
0.279244
0.927244
0.513627
0.104251
0.960265
0.976928
0.268258
0.584613
0.921293
0.983428
0.292856
0.239723
0.185247
0.255409
0.029237
0.141026
0.846980
0.081240
0.394024
0.693625
0.727042
0.392315
0.913907
0.854915
0.840144
0.982788
0.191137
0.363536
0.834223
0.817438
0.105350
0.758873
0.056612
0.458510
0.657918
0.472884
0.403058
0.142888
0.865017
0.775811
0.606616
0.541215
0.606037
0.856014
0.121891
0.729453
0.833216
0.816553
0.261544
0.404981
0.048555
0.868404
0.740745
0.877926
0.455184
0.502518
0.286111
0.868984
0.688101
0.921751
0.465682
0.645528
0.531755
0.513352
0.395306
0.526444
0.530045
0.644276
0.478683
0.287515
0.895077
0.559557
0.836543
0.498550
0.621052
0.665731
0.581805
0.323283
0.209449
0.980193
0.596484
0.813379
0.912076
0.027619
0.966948
0.227943
0.897214
0.965484
0.733360
0.409711
0.246803
0.218390
0.110233
0.748802
0.189245
0.404553
0.833705
0.766076
0.475021
0.833491
0.791803
0.846522
0.301096
0.358013
0.594653
0.154485
0.690603
0.860561
0.239937
0.261727
0.733512
0.155614
0.530717
0.519547
0.595080
0.589648
0.400983
0.706412
0.698233
0.118992
0.806055
0.982177
0.985748
0.148320
0.333567
0.680227
0.668966
0.909238
0.191321
0.968627
0.369030
0.661855
0.728446
0.911954
0.056978
0.499496
0.145817
0.964354
0.698813
0.038301
0.552690
0.425916
0.011933
0.772851
0.024445
0.892880
0.239448
0.378796
0.819514
0.233375
0.347728
0.744652
0.409772
0.119816
0.554521
0.012513
0.482589
0.649007
0.593188
0.410504
0.569048
0.081637
0.619587
0.156987
0.455794
0.232093
0.167821
0.218696
0.036256
0.539689
0.060854
0.203223
0.757530
0.353160
0.682791
0.167943
0.319163
0.459029
0.518357
0.625874
0.780358
0.385327
0.366497
0.530107
0.731285
0.512345
0.134037
0.518265
0.685476
0.520646
0.615467
0.197607
0.348918
0.208869
0.165380
0.752739
0.922422
0.211493
0.670003
0.656423
0.093326
0.648366
0.723411
0.765709
0.873318
0.237129
0.415204
0.583483
0.937559
0.899869
0.636067
0.967803
0.622639
0.394940
0.306528
0.069369
0.238563
0.005676
0.436506
0.779077
0.851680
0.816889
0.420606
0.466170
0.194281
0.610340
0.476394
0.289132
0.857997
0.911008
0.631184
0.859828
0.425672
0.214423
0.164129
0.542314
0.700064
0.927641
0.909665
0.168004
0.683554
0.053499
0.328166
0.447768
0.466720
0.151036
0.751061
0.862758
0.680929
0.602039
0.705283
0.314737
0.671804
0.715690
0.724723
0.317942
0.049745
0.702292
0.553850
0.012574
0.773492
0.047548
0.150151
0.782250
0.423170
0.318216
0.392102
0.756035
0.819056
0.930815
0.897763
0.976562
0.642384
0.914396
0.861568
0.515305
0.214209
0.198889
0.314554
0.316630
0.088839
0.459883
0.715049
0.051271
0.617817
0.051241
0.275094
0.761010
0.141087
0.057222
0.930204
0.575640
0.961211
0.994537
0.357158
0.283334
0.756981
0.196265
0.947630
0.035951
0.592883
0.408948
0.142521
0.970244
0.180517
0.633106
0.034272
0.026063
0.548021
0.739860
0.642842
0.743889
0.774133
0.893887
0.771691
0.320963
0.942900
0.314127
0.850307
0.709677
0.975433
0.403943
0.669149
0.037111
0.494583
0.781426
0.413495
0.128941
0.379467
0.241432
0.902219
0.417554
0.165319
0.180670
0.438124
0.016480
0.945647
0.516526
0.175726
0.242073
0.932188
0.631642
0.412885
0.363384
0.329752
0.375011
0.712394
0.862362
0.681478
0.650990
0.260140
0.984497
0.341044
0.627400
0.365734
0.862148
0.228370
0.093997
0.511795
0.991211
0.524308
0.002808
0.858638
0.342418
0.461440
0.720908
0.610004
0.889065
0.866695
0.027802
0.146489
0.831477
0.612110
0.388104
0.332926
0.300455
0.630024
0.530442
0.905576
0.820185
0.649190
0.864834
0.345683
0.312265
0.307596
0.768883
0.146123
0.922056
0.798578
0.274392
0.875973
0.448439
0.706381
0.185644
0.950957
0.658467
0.187506
0.160649
0.514817
0.267800
0.153905
0.786370
0.338389
0.868770
0.614368
0.179449
0.142491
0.586566
0.830439
0.143590
0.250832
0.745476
0.443007
0.414869
0.979278
0.326029
0.225837
0.025880
0.667806
0.494400
0.622394
0.320811
0.761132
0.985351
0.721824
0.651601
0.844417
0.619831
0.831111
0.287362
0.040498
0.738945
0.298715
0.567797
0.674551
0.834681
0.746879
0.832087
0.612323
0.159429
0.367748
0.154241
0.179113
0.595538
0.441084
0.416608
0.064425
0.565142
0.727927
0.752220
0.119480
0.263070
0.898343
0.887844
0.453627
0.992737
0.648061
0.418439
0.735588
0.886959
0.661000
0.544572
0.106326
0.794916
0.073855
0.303995
0.609272
0.616108
0.598682
0.828700
0.544420
0.863124
0.960051
0.658284
0.652608
0.733879
0.802820
0.641743
0.535997
0.475112
0.727134
0.457839
0.221168
0.318125
0.606128
0.286233
0.271126
0.767724
0.843684
0.660237
0.352245
0.526444
0.727256
0.032136
0.662679
0.834376
0.533280
0.083102
0.128178
0.506333
0.540208
0.308145
0.772057
0.447798
0.606494
0.907956
0.164678
0.930265
0.468917
0.518265
0.360027
0.407788
0.418012
0.809015
0.224036
0.155889
0.506790
0.483077
0.562487
0.513718
0.948607
0.707327
0.953429
0.011231
0.861202
0.506180
0.691214
0.162236
0.012116
0.149480
0.748131
0.204779
0.723045
0.065645
0.159673
0.569994
0.587695
0.311625
0.740013
0.360729
0.161290
0.130406
0.533830
0.621204
0.276467
0.628254
0.910611
0.678976
0.142491
0.101627
0.707846
0.340312
0.883999
0.046266
0.329356
0.220435
0.675314
0.379070
0.204901
0.989776
0.126926
0.903806
0.517197
0.817225
0.080020
0.552629
0.603076
0.792474
0.465346
0.434065
0.934507
0.607562
0.383129
0.218665
0.085971
0.279641
0.059542
0.894345
0.594531
0.196203
0.836787
0.421430
0.118534
0.263375
0.852229
0.319926
0.801660
0.439497
0.563433
0.719382
0.247963
0.434309
0.775384
0.902921
0.014740
0.855556
0.325297
0.876736
0.029267
0.584185
0.082522
0.996185
0.835322
0.659261
0.418836
0.179754
0.076266
0.453719
0.805597
0.742271
0.120823
0.422681
0.694388
0.378277
0.237251
0.205054
0.336894
0.327342
0.223060
0.360057
0.700644
0.251961
0.895810
0.519578
0.136387
0.859981
0.351360
0.237983
0.954222
0.801874
0.396466
0.320383
0.563494
0.875210
0.060823
0.910611
0.334086
0.066652
0.595813
0.120182
0.834162
0.463301
0.865719
0.479720
0.601245
0.564226
0.537858
0.993713
0.102969
0.023804
0.977630
0.079958
0.043153
0.357952
0.255074
0.175481
0.670217
0.644368
0.168889
0.289010
0.243355
0.748192
0.694235
0.282601
0.313700
0.104526
0.760735
0.162633
0.975829
0.588580
0.766869
0.162114
0.746086
0.504959
0.736656
0.894955
0.224647
0.227546
0.525437
0.363903
0.196570
0.520951
0.980621
0.103427
0.328623
0.074679
0.463820
0.238258
0.118259
0.281686
0.640431
0.739372
0.250618
0.792138
0.943266
0.658559
0.019990
0.873928
0.615925
0.622639
0.972198
0.110996
0.743034
0.368816
0.423444
0.470962
0.172369
0.602161
0.013031
0.272805
0.736381
0.956603
0.945067
0.086550
0.678579
0.340861
0.075777
0.095767
0.691122
0.450301
0.503281
0.953887
0.470321
0.725974
0.815119
0.666372
0.195532
0.542222
0.650380
0.529283
0.838588
0.904141
0.732627
0.655690
0.709128
0.435865
0.029572
0.121342
0.142827
0.941465
0.196203
0.260750
0.738365
0.318827
0.957121
0.144719
0.049257
0.108829
0.584674
0.771050
0.137486
0.460311
0.129185
0.999054
0.894162
0.792077
0.557176
0.759819
0.534379
0.933897
0.454085
0.572832
0.172063
0.026826
0.447798
0.900601
0.881191
0.965056
0.009064
0.372387
0.149236
0.659200
0.785119
0.408460
0.130161
0.904019
0.122593
0.275765
0.601733
0.130314
0.936644
0.106601
0.034577
0.823176
0.581225
0.911588
0.678793
0.887082
0.878445
0.117618
0.074221
0.739982
0.961669
0.663015
0.891110
0.416852
0.089633
0.179937
0.506546
0.464431
0.087741
0.296579
0.224097
0.907926
0.571978
0.589221
0.542039
0.071718
0.612690
0.216224
0.376263
0.534440
0.994201
0.764855
0.645344
0.000122
0.725852
0.342112
0.122318
0.366771
0.961791
0.441206
0.960936
0.773309
0.984863
0.614490
0.801569
0.906461
0.411359
0.484207
0.863765
0.348277
0.272713
0.122654
0.931150
0.246529
0.130284
0.332560
0.635273
0.087893
0.879757
0.858974
0.944426
0.856624
0.401135
0.064333
0.263955
0.358562
0.710715
0.097507
0.054079
0.993072
0.771264
0.088260
0.371349
0.752861
0.616688
0.398236
0.240577
0.734123
0.947325
0.460128
0.262642
0.937223
0.852260
0.235694
0.365307
0.640065
0.814783
0.824305
0.102481
0.124607
0.657460
0.253059
0.408918
0.038453
0.582537
0.979980
0.215888
0.172185
0.964812
0.140965
0.834681
0.934202
0.052278
0.072665
0.513871
0.303842
0.231422
0.141453
0.076571
0.544633
0.013215
0.410688
0.044252
0.458022
0.395947
0.176885
0.152776
0.459883
0.761467
0.906430
0.667623
0.260262
0.960662
0.603778
0.403851
0.427900
0.744682
0.142766
0.857814
0.620930
0.198340
0.591815
0.355937
0.764611
0.331431
0.064608
0.627888
0.957793
0.484603
0.127598
0.709250
0.389019
0.705985
0.295114
0.580950
0.043703
0.754692
0.643788
0.451125
0.483566
0.887600
0.077273
0.085757
0.479415
0.085482
0.272744
0.094455
0.779077
0.875118
0.840175
0.577654
0.790948
0.402753
0.725700
0.040986
0.465011
0.916623
0.390484
0.984252
0.152379
0.312998
0.796381
0.069460
0.724601
0.903806
0.728904
0.276254
0.733665
0.060457
0.490127
0.949004
0.894986
0.891598
0.491379
0.143284
0.672994
0.609394
0.777795
0.177313
0.252388
0.742637
0.015717
0.794610
0.674703
0.850795
0.974487
0.844172
0.422376
0.896878
0.032991
0.884884
0.231697
0.934599
0.743675
0.619404
0.414808
0.266030
0.983734
0.564989
0.473403
0.726707
0.725913
0.866359
0.284127
0.253212
0.959532
0.657826
0.638112
0.391003
0.792932
0.880215
0.414502
0.897305
0.269326
0.959136
0.170843
0.096347
0.926359
0.251045
0.429945
0.142613
0.631031
0.663045
0.445936
0.848659
0.721732
0.352458
0.729545
0.233436
0.987640
0.913205
0.114689
0.447920
0.517441
0.954497
0.647450
0.233467
0.948729
0.478286
0.078066
0.570177
0.148503
0.962127
0.238319
0.670400
0.857082
0.552873
0.084323
0.974670
0.325632
0.278512
0.687185
0.305460
0.479751
0.683279
0.951598
0.835749
0.638997
0.793298
0.344707
0.027894
0.324778
0.818232
0.415662
0.199927
0.187170
0.495773
0.387494
0.874599
0.582324
0.484756
0.602588
0.568102
0.831141
0.713340
0.102939
0.174505
0.691275
0.088809
0.126316
0.602191
0.073000
0.474624
0.799738
0.818262
0.530595
0.341319
0.811426
0.957579
0.560167
0.997833
0.342662
0.652608
0.235694
0.808649
0.040559
0.239875
0.213904
0.304025
0.313089
0.000061
0.639821
0.588610
0.727500
0.087100
0.983612
0.955443
0.793847
0.303385
0.340587
0.111148
0.914304
0.376629
0.225349
0.918729
0.779626
0.895108
0.391217
0.064150
0.994415
0.557207
0.706198
0.553179
0.211890
0.891964
0.617084
0.444258
0.560015
0.106052
0.232643
0.724143
0.639332
0.214606
0.557054
0.732505
0.874874
0.110904
0.904996
0.041169
0.502640
0.732139
0.029817
0.195288
0.971892
0.976959
0.995819
0.221412
0.045015
0.531358
0.325541
0.310068
0.375774
0.258889
0.454237
0.577807
0.847224
0.311625
0.021943
0.316080
0.450758
0.618061
0.034639
0.632405
0.987548
0.904263
0.425977
0.890286
0.373119
0.904386
0.050569
0.854610
0.827204
0.916990
0.640126
0.947935
0.729057
0.363323
0.753746
0.524583
0.420454
0.503647
0.253700
0.568529
0.737083
0.968139
0.337809
0.721366
0.549608
0.258553
0.659505
0.046510
0.095859
0.876705
0.567400
0.436232
0.385327
0.236152
0.994995
0.067080
0.456893
0.013581
0.031983
0.810999
0.771722
0.095523
0.708823
0.007019
0.521958
0.777245
0.024751
0.501267
0.136540
0.369823
0.752159
0.360302
0.766015
0.871731
0.046541
0.164708
0.026337
0.860927
0.395215
0.289071
0.784661
0.264046
0.934721
0.074343
0.266518
0.158879
0.668569
0.299326
0.266976
0.266030
0.617054
0.856899
0.746605
0.286538
0.429487
0.041719
0.593036
0.741386
0.490829
0.355846
0.830378
0.469008
0.053529
0.237373
0.056551
0.437666
0.426435
0.620075
0.390973
0.028108
0.750847
0.728568
0.712699
0.443464
0.396527
0.016755
0.471206
0.402142
0.507492
0.654592
0.850581
0.770318
0.729820
0.470046
0.568438
0.290109
0.652058
0.752556
0.090945
0.059694
0.990020
0.823908
0.545030
0.921567
0.046785
0.783044
0.108982
0.415235
0.479629
0.330790
0.163274
0.450850
0.904355
0.081088
0.981780
0.359508
0.369152
0.264687
0.245705
0.476882
0.228858
0.231758
0.160985
0.916318
0.450606
0.659505
0.460189
0.687521
0.882565
0.871120
0.070681
0.817438
0.516678
0.172277
0.730064
0.629078
0.277078
0.611774
0.329814
0.834956
0.364635
0.071566
0.269265
0.601062
0.689962
0.093905
0.599963
0.238044
0.425092
0.350566
0.242653
0.675405
0.205908
0.160955
0.057894
0.375164
0.015961
0.965575
0.050966
0.841304
0.283364
0.160344
0.493393
0.381024
0.221534
0.199103
0.241127
0.274453
0.945799
0.369304
0.031739
0.008545
0.396100
0.148289
0.041200
0.731864
0.598132
0.545640
0.481521
0.586108
0.293069
0.338145
0.520859
0.071139
0.468215
0.603595
0.307138
0.099277
0.818812
0.459761
0.376232
0.895260
0.673116
0.414502
0.226508
0.398144
0.411451
0.233680
0.340220
0.321757
0.910642
0.732688
0.433821
0.529099
0.045015
0.398144
0.217658
0.877712
0.775628
0.246071
0.447096
0.192022
0.858180
0.822382
0.545427
0.518876
0.701529
0.752281
0.580828
0.322306
0.408094
0.744865
0.877590
0.774438
0.526597
0.458998
0.043672
0.797784
0.549516
0.136601
0.695578
0.016388
0.685476
0.410108
0.661245
0.270821
0.938566
0.189489
0.943388
0.854305
0.025391
0.036287
0.223395
0.125431
0.161565
0.929502
0.187658
0.654561
0.247932
0.830866
0.457320
0.559130
0.489212
0.954924
0.402905
0.185125
0.975005
0.150487
0.624897
0.790155
0.255135
0.299783
0.381603
0.384930
0.440474
0.141118
0.745506
0.389264
0.860134
0.422071
0.769372
0.258492
0.806726
0.788598
0.443556
0.737114
0.400830
0.316965
0.725181
0.895444
0.105686
0.094455
0.421278
0.605914
0.923704
0.755181
0.206366
0.614917
0.805597
0.376965
0.556322
0.866665
0.303964
0.646229
0.879055
0.235267
0.002106
0.696463
0.624348
0.321207
0.749504
0.526688
0.652944
0.468551
0.235023
0.406507
0.646840
0.659169
0.929716
0.173498
0.841792
0.439985
0.929380
0.829554
0.863552
0.539995
0.729423
0.342204
0.948424
0.332560
0.462020
0.057558
0.330332
0.800073
0.627888
0.630360
0.074862
0.156468
0.853053
0.878140
0.141789
0.784631
0.702567
0.465560
0.957610
0.643849
0.082034
0.824915
0.278787
0.804895
0.258156
0.219062
0.627613
0.267953
0.029725
0.353618
0.081210
0.720054
0.080386
0.443800
0.695639
0.388134
0.044130
0.142766
0.345683
0.644307
0.314982
0.237678
0.262276
0.518967
0.132115
0.519364
0.048067
0.778832
0.971587
0.732109
0.453108
0.725059
0.775811
0.009827
0.691244
0.368908
0.052522
0.704917
0.578967
0.140355
0.373852
0.015656
0.277718
0.786004
0.306986
0.318949
0.920988
0.612934
0.308054
0.614246
0.907285
0.734550
0.609729
0.985168
0.140721
0.474319
0.634571
0.484725
0.999695
0.584277
0.964934
0.350932
0.315531
0.434065
0.400464
0.958617
0.142247
0.827052
0.135258
0.413495
0.598468
0.599384
0.584979
0.195715
0.562639
0.658925
0.895779
0.757958
0.503555
0.619526
0.666097
0.484939
0.226295
0.687307
0.912687
0.920804
0.815943
0.955412
0.811792
0.669881
0.559374
0.762810
0.247322
0.878018
0.127110
0.274117
0.696554
0.699789
0.796167
0.936369
0.485153
0.658528
0.994903
0.968535
0.942717
0.305246
0.951842
0.541276
0.489547
0.082339
0.728782
0.801660
0.186865
0.799066
0.420179
0.400250
0.780755
0.623951
0.799890
0.676321
0.771447
0.001862
0.196112
0.157353
0.539720
0.400464
0.876400
0.529618
0.060732
0.293161
0.723441
0.735191
0.237190
0.284982
0.483383
0.352550
0.382763
0.786828
0.367443
0.916684
0.887417
0.144932
0.288278
0.334391
0.595294
0.632008
0.512589
0.052339
0.927091
0.205237
0.010773
0.132420
0.277444
0.438978
0.285165
0.892300
0.719352
0.536699
0.958129
0.266213
0.546098
0.829859
0.900967
0.543077
0.682669
0.669118
0.185278
0.637410
0.497238
0.114292
0.637837
0.549974
0.044618
0.329722
0.280007
0.174078
0.272378
0.090487
0.433485
0.103793
0.221015
0.306528
0.773064
0.600360
0.749962
0.970672
0.108036
0.373058
0.819605
0.436354
0.173345
0.330851
0.861782
0.432112
0.211737
0.960936
0.269021
0.718314
0.628132
0.490371
0.534410
0.792871
0.497604
0.487381
0.072817
0.552019
0.208075
0.058229
0.255501
0.312449
0.018983
0.296060
0.688284
0.100864
0.817469
0.137944
0.265389
0.617695
0.852474
0.286416
0.030183
0.780389
0.729362
0.351695
0.373272
0.253548
0.445143
0.870815
0.600085
0.871395
0.745811
0.359874
0.398785
0.358867
0.587664
0.056246
0.239814
0.258339
0.982910
0.505631
0.238319
0.467086
0.011628
0.651845
0.510666
0.292642
0.280923
0.584338
0.556444
0.432081
0.612415
0.600452
0.697104
0.780938
0.239662
0.738182
0.102329
0.478988
0.296640
0.435987
0.435865
0.098239
0.878414
0.475723
0.651234
0.379925
0.455061
0.865261
0.969695
0.426466
0.921110
0.816370
0.570635
0.754814
0.059999
0.475082
0.026337
0.117435
0.706687
0.559862
0.011994
0.497055
0.388134
0.564379
0.322489
0.181372
0.724052
0.680990
0.726951
0.324442
0.368145
0.101077
0.692587
0.900174
0.772210
0.848872
0.508713
0.454939
0.553270
0.804254
0.842738
0.565416
0.745628
0.071688
0.258553
0.407331
0.719108
0.350993
0.729728
0.342051
0.044191
0.466140
0.677267
0.927122
0.086154
0.708731
0.564837
0.256417
0.608509
0.151982
0.581317
0.037263
0.167608
0.591937
0.442732
0.309549
0.579852
0.271523
0.844569
0.213996
0.241798
0.044374
0.595508
0.715506
0.585620
0.134159
0.964476
0.687582
0.450056
0.146031
0.271371
0.264657
0.649190
0.486068
0.253578
0.868038
0.519211
0.845271
0.238777
0.811975
0.725333
0.904416
0.655904
0.896023
0.109409
0.915616
0.915159
0.890194
0.860164
0.317209
0.188299
0.318522
0.786615
0.038057
0.120884
0.448256
0.976440
0.647633
0.006928
0.889767
0.620319
0.007935
0.458266
0.714560
0.283609
0.583697
0.098666
0.496811
0.406293
0.066988
0.315317
0.185095
0.313059
0.472671
0.597461
0.210486
0.514084
0.360454
0.494766
0.736991
0.578234
0.340648
0.725761
0.461135
0.359752
0.518937
0.467910
0.866451
0.859767
0.037080
0.360851
0.339305
0.503586
0.365612
0.253456
0.052339
0.115635
0.504440
0.226447
0.021668
0.372631
0.748222
0.921659
0.244331
0.016449
0.172399
0.708975
0.321757
0.608417
0.496017
0.722892
0.476211
0.105380
0.477828
0.298898
0.365673
0.039644
0.501877
0.841914
0.604114
0.583483
0.508866
0.657277
0.392895
0.279763
0.929319
0.776391
0.169866
0.719810
0.774865
0.307077
0.682180
0.949736
0.544450
0.341197
0.389264
0.886563
0.100589
0.949675
0.602161
0.525498
0.173162
0.297037
0.265297
0.219214
0.645985
0.406079
0.787286
0.810877
0.283029
0.604419
0.826533
0.901791
0.050478
0.183599
0.438490
0.035035
0.690420
0.302652
0.490249
0.076754
0.702872
0.666982
0.749016
0.575304
0.392407
0.013672
0.550829
0.380627
0.135350
0.935026
0.455245
0.304605
0.523942
0.070894
0.793023
0.103549
0.543596
0.201819
0.512345
0.564318
0.439833
0.273324
0.230232
0.975005
0.430799
0.883419
0.895260
0.761895
0.921720
0.264168
0.967803
0.573534
0.377514
0.288797
0.524216
0.593402
0.510147
0.535020
0.191137
0.362194
0.936186
0.936735
0.315806
0.891324
0.961730
0.054567
0.279305
0.348521
0.650410
0.496933
0.358501
0.097110
0.830866
0.522660
0.043031
0.369823
0.199774
0.356548
0.213630
0.358928
0.177068
0.249031
0.088107
0.003265
0.669240
0.811457
0.341044
0.254219
0.396954
0.657430
0.303659
0.101016
0.943693
0.882839
0.649922
0.137425
0.181036
0.414258
0.475387
0.950438
0.227393
0.758446
0.174596
0.112583
0.596026
0.182745
0.023927
0.059175
0.688772
0.859127
0.875332
0.631123
0.291787
0.001679
0.868068
0.565477
0.229591
0.530107
0.563982
0.714286
0.833308
0.289346
0.413007
0.273141
0.379803
0.357494
0.954955
0.801019
0.157720
0.472518
0.663747
0.311838
0.316843
0.109622
0.840815
0.220405
0.156499
0.240181
0.463210
0.422193
0.010285
0.303507
0.393262
0.289651
0.382275
0.422712
0.855739
0.865871
0.491470
0.396191
0.588763
0.036317
0.881008
0.495499
0.575121
0.960875
0.247688
0.601245
0.759362
0.546342
0.148900
0.708060
0.658071
0.241646
0.742180
0.330027
0.268471
0.936460
0.214667
0.837794
0.182409
0.244240
0.058199
0.258278
0.311655
0.951964
0.846248
0.569018
0.130467
0.916379
0.668966
0.017365
0.842463
0.189337
0.883023
0.496811
0.377117
0.652669
0.331828
0.510788
0.623066
0.943999
0.692892
0.755913
0.803369
0.954924
0.108127
0.855464
0.400220
0.682760
0.754143
0.274606
0.534349
0.717002
0.507492
0.948332
0.205908
0.141667
0.362621
0.653737
0.302866
0.135197
0.757439
0.657552
0.783227
0.048555
0.463668
0.670461
0.937468
0.243355
0.197851
0.639088
0.137059
0.470779
0.609241
0.407300
0.975829
0.072970
0.800775
0.777947
0.209906
0.787774
0.039827
0.005951
0.402997
0.438368
0.814508
0.254707
0.682760
0.288766
0.891659
0.046205
0.514756
0.346843
0.533494
0.236915
0.900662
0.395520
0.528459
0.549944
0.905789
0.033937
0.192694
0.195379
0.923704
0.509751
0.998810
0.609821
0.582934
0.623402
0.987243
0.845790
0.702719
0.486068
0.617908
0.643452
0.203681
0.412488
0.216712
0.714835
0.380078
0.729453
0.674764
0.272164
0.439283
0.782037
0.555010
0.331858
0.715445
0.917936
0.264138
0.824915
0.462966
0.731712
0.444563
0.045198
0.636525
0.350230
0.243629
0.467147
0.563433
0.040040
0.616077
0.463515
0.915006
0.918577
0.315683
0.954894
0.882962
0.049745
0.733024
0.522233
0.967132
0.706107
0.234657
0.013398
0.280709
0.077670
0.161077
0.175054
0.779595
0.209754
0.138707
0.341319
0.321207
0.450148
0.862819
0.710227
0.960387
0.187750
0.007080
0.239326
0.387249
0.162999
0.417005
0.691916
0.914365
0.132328
0.241890
0.864345
0.918546
0.166814
0.163396
0.526841
0.144261
0.367443
0.375317
0.108097
0.774743
0.277047
0.472091
0.655446
0.676382
0.771294
0.901517
0.101352
0.723899
0.709098
0.138127
0.368389
0.611286
0.124119
0.233741
0.342631
0.055605
0.238624
0.900998
0.248024
0.799707
0.080752
0.786401
0.452132
0.319468
0.986633
0.089145
0.234687
0.643269
0.768395
0.181921
0.550645
0.188116
0.829554
0.389660
0.318155
0.020295
0.009003
0.582995
0.263527
0.445692
0.434523
0.742485
0.854030
0.336558
0.167394
0.149419
0.349559
0.101047
0.919492
0.360302
0.505173
0.701132
0.623493
0.620319
0.954833
0.626087
0.138279
0.872890
0.808191
0.226997
0.870113
0.020936
0.491653
0.318979
0.590930
0.596606
0.364605
0.457106
0.235664
0.494949
0.142460
0.792505
0.958769
0.929044
0.657521
0.914853
0.231910
0.261238
0.988891
0.587207
0.264382
0.868435
0.492874
0.780053
0.526322
0.696066
0.765282
0.909909
0.657186
0.658345
0.065889
0.689718
0.540025
0.540117
0.237983
0.496689
0.823176
0.557054
0.652486
0.663778
0.670278
0.230384
0.209174
0.601489
0.020234
0.732170
0.925687
0.155858
0.138188
0.357463
0.145543
0.109104
0.738487
0.280068
0.896939
0.229072
0.461470
0.247261
0.432508
0.773675
0.985015
0.370586
0.482711
0.856838
0.551866
0.668325
0.252815
0.581835
0.194433
0.516404
0.695700
0.348613
0.438032
0.663625
0.090793
0.241035
0.763848
0.967620
0.461409
0.900723
0.613056
0.507736
0.860897
0.792962
0.213019
0.231239
0.059328
0.272073
0.007202
0.788873
0.661885
0.351451
0.969634
0.715934
0.189673
0.585009
0.585528
0.615833
0.155553
0.966247
0.779199
0.501205
0.664418
0.251045
0.570452
0.950102
0.570788
0.610889
0.740562
0.232215
0.723960
0.021699
0.289560
0.062807
0.332377
0.296182
0.965728
0.139164
0.978484
0.164159
0.648244
0.116916
0.314920
0.308512
0.865230
0.181890
0.974212
0.762230
0.227180
0.874050
0.721763
0.573016
0.058199
0.319376
0.385052
0.141911
0.005249
0.526597
0.588885
0.141820
0.907620
0.904263
0.828852
0.422407
0.707022
0.654866
0.913816
0.807581
0.680288
0.202338
0.308786
0.191748
0.775384
0.308878
0.409528
0.841426
0.332133
0.037294
0.279855
0.307627
0.969329
0.215705
0.883389
0.856502
0.918394
0.560015
0.340251
0.823176
0.586505
0.111148
0.240974
0.796106
0.628590
0.143040
0.547777
0.037629
0.310953
0.197119
0.115146
0.047060
0.446883
0.400494
0.361126
0.672475
0.685751
0.723411
0.119694
0.677938
0.437117
0.332224
0.206519
0.171697
0.210547
0.694754
0.728538
0.802301
0.652974
0.593432
0.668996
0.128025
0.064364
0.703085
0.779351
0.067080
0.673238
0.889370
0.308695
0.833491
0.453230
0.884274
0.602680
0.265877
0.761834
0.494644
0.102512
0.955168
0.582751
0.000305
0.775811
0.077059
0.652974
0.897916
0.510300
0.336100
0.255837
0.646413
0.501572
0.927244
0.961455
0.571306
0.166356
0.921079
0.095370
0.582812
0.612354
0.979461
0.217597
0.865078
0.195868
0.807215
0.391858
0.192053
0.198889
0.246467
0.527696
0.026948
0.156224
0.419965
0.575976
0.060823
0.864406
0.829127
0.858913
0.346904
0.603504
0.813807
0.316355
0.687124
0.603168
0.279427
0.949461
0.426466
0.283822
0.097995
0.242286
0.312174
0.304727
0.089084
0.843959
0.573351
0.949797
0.987426
0.291147
0.877590
0.882626
0.302622
0.053346
0.320963
0.801843
0.478256
0.681295
0.107273
0.028291
0.255623
0.340281
0.073061
0.554796
0.648976
0.509568
0.714591
0.590197
0.438246
0.129002
0.873043
0.129032
0.585833
0.974090
0.734184
0.577410
0.483200
0.540788
0.298624
0.967162
0.433882
0.221686
0.979217
0.788751
0.279244
0.053865
0.481429
0.975158
0.572680
0.820856
0.623371
0.066591
0.209387
0.788781
0.251381
0.088961
0.917051
0.859157
0.907773
0.175787
0.514237
0.418317
0.406354
0.465896
0.342814
0.665975
0.973052
0.307627
0.780145
0.702933
0.106571
0.300913
0.237709
0.160222
0.816492
0.208625
0.552568
0.650594
0.394269
0.268136
0.177099
0.822993
0.373943
0.934599
0.074404
0.302286
0.838221
0.587176
0.724723
0.294961
0.726859
0.229347
0.149266
0.141850
0.303049
0.714621
0.358440
0.599506
0.434339
0.528794
0.129551
0.131321
0.844142
0.660390
0.521226
0.989929
0.990265
0.589770
0.030061
0.371105
0.726798
0.929136
0.796655
0.422315
0.405133
0.743858
0.766015
0.384960
0.571032
0.086734
0.209906
0.653279
0.913327
0.776482
0.516434
0.030274
0.620991
0.951567
0.653493
0.962401
0.804834
0.430616
0.212409
0.033357
0.139439
0.410962
0.437941
0.499954
0.382580
0.535875
0.150456
0.149236
0.927458
0.862697
0.967711
0.259713
0.044374
0.762230
0.730705
0.947203
0.968719
0.281259
0.541856
0.676473
0.489853
0.999084
0.320078
0.220649
0.199255
0.909421
0.279916
0.848628
0.052492
0.359050
0.240852
0.022462
0.401959
0.574419
0.172674
0.385968
0.156804
0.807001
0.883786
0.325083
0.225929
0.629566
0.257851
0.882351
0.900327
0.413770
0.946257
0.305643
0.331217
0.520615
0.920957
0.013215
0.760430
0.235267
0.795801
0.256081
0.658254
0.977111
0.321024
0.258431
0.426618
0.816309
0.958281
0.118473
0.822352
0.828700
0.941557
0.249733
0.757561
0.319376
0.731132
0.645009
0.633320
0.446852
0.266030
0.743553
0.862819
0.278817
0.921690
0.183172
0.739952
0.810938
0.578906
0.218513
0.310221
0.979492
0.710440
0.086093
0.399579
0.199744
0.891324
0.098361
0.457747
0.460799
0.639332
0.747398
0.372539
0.508072
0.991852
0.599322
0.910581
0.145543
0.725059
0.261544
0.941801
0.187780
0.622333
0.202887
0.103000
0.093905
0.697317
0.709037
0.057375
0.814508
0.778649
0.753502
0.005707
0.882321
0.362072
0.066378
0.606067
0.278848
0.136479
0.181127
0.957640
0.107212
0.089908
0.741478
0.805689
0.602985
0.602100
0.849055
0.622974
0.514237
0.429273
0.733573
0.724845
0.381939
0.988159
0.526322
0.073305
0.751946
0.844691
0.418500
0.927366
0.849971
0.814417
0.985626
0.994659
0.750633
0.580096
0.958922
0.241829
0.572008
0.233589
0.225745
0.019288
0.726554
0.647237
0.339274
0.656209
0.760216
0.082156
0.319437
0.183111
0.810511
0.938749
0.026124
0.337199
0.215064
0.056063
0.885922
0.507370
0.301889
0.466536
0.253304
0.774895
0.892148
0.011536
0.188482
0.705893
0.547624
0.725089
0.931913
0.052278
0.093142
0.390851
0.857448
0.016968
0.445967
0.179662
0.185553
0.239814
0.282662
0.773095
0.237312
0.160527
0.575549
0.879696
0.510636
0.914884
0.529283
0.550035
0.360027
0.420057
0.949156
0.196936
0.561327
0.806299
0.572192
0.726829
0.542131
0.849696
0.392621
0.688864
0.559801
0.563982
0.512467
0.847804
0.607685
0.606220
0.548936
0.086856
0.331339
0.653401
0.129612
0.047182
0.735771
0.406079
0.506912
0.409589
0.964629
0.375072
0.822810
0.225135
0.933348
0.107547
0.055208
0.201147
0.096713
0.009095
0.177404
0.348155
0.132694
0.417524
0.561296
0.894559
0.823328
0.084811
0.156346
0.875149
0.914243
0.723777
0.475143
0.299753
0.233924
0.775170
0.916532
0.308054
0.854060
0.051851
0.458357
0.217139
0.571947
0.416303
0.250191
0.867763
0.496658
0.147191
0.138005
0.175726
0.019837
0.152135
0.651448
0.294717
0.952605
0.682089
0.485488
0.296457
0.109439
0.703909
0.007447
0.774926
0.121097
0.587695
0.820521
0.280465
0.756829
0.264504
0.915159
0.990478
0.537736
0.511185
0.439863
0.522324
0.922697
0.518296
0.622272
0.295511
0.847163
0.397656
0.871548
0.348460
0.897458
0.785455
0.594134
0.016968
0.900540
0.197272
0.753410
0.380230
0.211371
0.291543
0.704764
0.880398
0.478530
0.697195
0.337260
0.022431
0.169774
0.562090
0.053407
0.560503
0.638661
0.478591
0.617756
0.076388
0.013153
0.942045
0.406049
0.357280
0.688131
0.998871
0.086123
0.478347
0.702322
0.240333
0.261544
0.996643
0.781457
0.798395
0.109348
0.162694
0.328562
0.499435
0.543352
0.556017
0.142979
0.832850
0.933866
0.050295
0.148869
0.889889
0.915616
0.515458
0.914853
0.929991
0.314463
0.161748
0.245979
0.729789
0.724815
0.933226
0.629261
0.371868
0.768395
0.855678
0.813684
0.629322
0.566118
0.746574
0.306467
0.601825
0.454054
0.191931
0.066713
0.760399
0.474685
0.197546
0.177252
0.056337
0.674978
0.419996
0.776330
0.251015
0.742180
0.383923
0.030580
0.122379
0.008789
0.592181
0.430006
0.704978
0.358135
0.934660
0.186407
0.219153
0.061098
0.301981
0.016877
0.846217
0.076357
0.810999
0.093081
0.005280
0.844325
0.547288
0.437849
0.288522
0.106418
0.232032
0.550310
0.710807
0.781579
0.718650
0.540727
0.429945
0.429853
0.725700
0.556505
0.594165
0.335765
0.712638
0.780297
0.472365
0.741783
0.304239
0.781671
0.524308
0.263375
0.170080
0.503616
0.566088
0.017182
0.765374
0.664968
0.687735
0.493271
0.839381
0.860134
0.079196
0.702475
0.117710
0.137364
0.420392
0.630818
0.064669
0.336772
0.992340
0.531602
0.131840
0.969359
0.164861
0.086612
0.399335
0.918180
0.417982
0.967803
0.015870
0.743431
0.552263
0.830500
0.343974
0.871792
0.245186
0.269692
0.216376
0.452040
0.609394
0.770379
0.210028
0.158025
0.909055
0.183020
0.344066
0.719993
0.090701
0.756218
0.107761
0.465560
0.285073
0.256691
0.224677
0.652181
0.935362
0.208838
0.059725
0.871273
0.709006
0.784478
0.074648
0.306284
0.849147
0.374035
0.238960
0.125492
0.121128
0.371227
0.801965
0.790490
0.011689
0.201178
0.332347
0.562273
0.335887
0.124454
0.431867
0.985839
0.908506
0.847407
0.028779
0.634327
0.436384
0.470565
0.657796
0.894314
0.287667
0.806269
0.632557
0.073366
0.293954
0.596332
0.516984
0.611164
0.242317
0.661855
0.801599
0.675192
0.212683
0.515397
0.191290
0.922727
0.417402
0.467666
0.410688
0.709799
0.698874
0.759484
0.933134
0.528977
0.341746
0.750359
0.539933
0.956633
0.355663
0.694967
0.115970
0.891324
0.885189
0.138798
0.587786
0.364605
0.902585
0.464217
0.410443
0.705130
0.840480
0.618000
0.509598
0.337504
0.319864
0.552019
0.084811
0.997436
0.630390
0.407880
0.180609
0.643818
0.118320
0.976989
0.431043
0.849605
0.139744
0.467238
0.884579
0.952177
0.733634
0.107852
0.315287
0.744987
0.672445
0.622791
0.926664
0.991333
0.045808
0.105106
0.853969
0.541551
0.033448
0.322794
0.372021
0.335337
0.024018
0.987243
0.214240
0.069552
0.735893
0.016205
0.909024
0.813837
0.495926
0.322092
0.540147
0.354228
0.333018
0.156560
0.837397
0.547044
0.042116
0.543474
0.003052
0.463393
0.875301
0.830714
0.181585
0.606067
0.015900
0.892361
0.977630
0.980071
0.492447
0.012787
0.929197
0.297830
0.687704
0.983398
0.342509
0.100284
0.100345
0.443373
0.393963
0.075503
0.514451
0.996338
0.906217
0.355602
0.233314
0.132969
0.704276
0.073519
0.534379
0.492325
0.957854
0.960814
0.000824
0.491287
0.416364
0.267678
0.886410
0.855464
0.942839
0.786554
0.169805
0.080874
0.252602
0.260384
0.454665
0.359081
0.263771
0.957060
0.371532
0.996216
0.964812
0.690847
0.638050
0.857265
0.206214
0.072726
0.433668
0.867489
0.322398
0.270089
0.244819
0.101077
0.989471
0.057802
0.837367
0.489608
0.225898
0.441267
0.511979
0.680227
0.942198
0.633106
0.299203
0.076052
0.945067
0.664693
0.249977
0.589190
0.803491
0.413526
0.478317
0.137791
0.482101
0.328043
0.112094
0.418836
0.148412
0.630818
0.808344
0.987213
0.060152
0.281564
0.989105
0.172765
0.938963
0.481246
0.454451
0.866878
0.736473
0.998199
0.528642
0.708670
0.199591
0.098117
0.395520
0.703696
0.140568
0.358592
0.779962
0.804773
0.818354
0.149632
0.630940
0.487594
0.337748
0.061556
0.963195
0.851253
0.472335
0.061403
0.512833
0.275582
0.817255
0.658986
0.364147
0.166601
0.678671
0.864101
0.202979
0.820612
0.605518
0.215979
0.353618
0.939146
0.970214
0.666219
0.254891
0.825312
0.504440
0.596301
0.532121
0.793207
0.196295
0.751579
0.320872
0.821223
0.454848
0.372112
0.999207
0.980895
0.948698
0.302194
0.983947
0.672414
0.024537
0.359539
0.748131
0.198035
0.112156
0.745720
0.714988
0.704581
0.021729
0.778558
0.185400
0.026093
0.540330
0.728233
0.954772
0.458785
0.233192
0.038148
0.775292
0.998138
0.856532
0.711783
0.320811
0.070528
0.287698
0.146672
0.809229
0.290384
0.379498
0.197211
0.939695
0.273537
0.644215
0.746849
0.300485
0.038850
0.174230
0.571673
0.903836
0.028748
0.705130
0.775903
0.003754
0.280404
0.227638
0.581286
0.853694
0.778161
0.054628
0.750847
0.559496
0.519303
0.749474
0.428907
0.684683
0.323679
0.821955
0.678457
0.763604
0.918760
0.598041
0.496689
0.379284
0.331248
0.169652
0.590655
0.961913
0.116977
0.830958
0.693716
0.964080
0.459487
0.906919
0.704459
0.569628
0.669057
0.380993
0.428785
0.591601
0.113742
0.227760
0.207221
0.716056
0.112918
0.856838
0.207892
0.747734
0.825098
0.574419
0.666890
0.013977
0.661061
0.468764
0.857112
0.583331
0.253914
0.625538
0.066927
0.454237
0.516678
0.079623
0.369945
0.371532
0.819208
0.409558
0.466720
0.425245
0.815394
0.380535
0.380322
0.089663
0.952177
0.542863
0.286508
0.857540
0.191321
0.191504
0.259957
0.126377
0.975341
0.593188
0.217719
0.493240
0.968780
0.887478
0.841243
0.113498
0.606281
0.567766
0.758049
0.280740
0.978423
0.948881
0.764672
0.883297
0.086673
0.526780
0.371593
0.894162
0.998901
0.637623
0.451765
0.550279
0.936216
0.321482
0.274056
0.377667
0.823084
0.797723
0.702506
0.718345
0.331309
0.457595
0.842921
0.915464
0.949522
0.781121
0.918058
0.812922
0.109226
0.083499
0.652455
0.725822
0.898923
0.498459
0.948454
0.537706
0.396954
0.103549
0.134129
0.080996
0.155370
0.594897
0.565264
0.457015
0.864956
0.416425
0.861538
0.451582
0.733055
0.750908
0.559191
0.702597
0.606189
0.278268
0.460646
0.775994
0.367260
0.107944
0.462783
0.805750
0.640065
0.791162
0.144963
0.855129
0.331126
0.819422
0.898068
0.654347
0.041261
0.516099
0.875698
0.871853
0.876919
0.726249
0.549150
0.574847
0.693686
0.211676
0.146825
0.035493
0.302347
0.157750
0.759972
0.539323
0.669301
0.697073
0.395398
0.351451
0.642140
0.857570
0.756981
0.497574
0.232124
0.840358
0.036592
0.515580
0.984375
0.034120
0.496567
0.834040
0.467116
0.671896
0.123844
0.933927
0.411756
0.536760
0.138035
0.949889
0.534013
0.622578
0.634114
0.867061
0.568346
0.156194
0.141026
0.970000
0.546342
0.887051
0.377911
0.699728
0.850612
0.050600
0.988311
0.575152
0.075167
0.912046
0.534623
0.335368
0.224006
0.296121
0.533280
0.958861
0.278268
0.009644
0.812464
0.715690
0.664480
0.562822
0.972839
0.909482
0.653768
0.095614
0.233741
0.464949
0.224586
0.915464
0.444807
0.017273
0.419141
0.552568
0.545122
0.659902
0.725272
0.739128
0.250832
0.006470
0.515152
0.218360
0.252541
0.723960
0.071841
0.790216
0.703787
0.192114
0.234779
0.499344
0.281564
0.446852
0.195807
0.372112
0.600635
0.062319
0.477004
0.608600
0.262429
0.129307
0.621021
0.635914
0.319987
0.985229
0.625874
0.929228
0.440260
0.852351
0.655080
0.006348
0.544755
0.040834
0.054231
0.502731
0.210181
0.871944
0.205847
0.732505
0.609851
0.978454
0.252846
0.642201
0.277535
0.138462
0.222877
0.563433
0.474807
0.298318
0.584063
0.670522
0.443037
0.941435
0.763665
0.549303
0.321482
0.458907
0.660909
0.783868
0.012726
0.678701
0.685171
0.966857
0.776605
0.208747
0.350902
0.039796
0.833552
0.751274
0.960234
0.370220
0.759575
0.043641
0.404981
0.470656
0.953001
0.582751
0.618915
0.766991
0.955016
0.788598
0.711478
0.321696
0.904721
0.763817
0.314890
0.918577
0.910489
0.304849
0.174841
0.414594
0.618336
0.321757
0.517014
0.766289
0.759087
0.321970
0.219794
0.635487
0.954894
0.115116
0.325480
0.982025
0.567186
0.394787
0.920011
0.548479
0.866756
0.353160
0.913450
0.644093
0.307047
0.985534
0.752129
0.133671
0.182836
0.240272
0.593341
0.037843
0.454390
0.670766
0.974670
0.650746
0.018983
0.745689
0.508225
0.581683
0.211219
0.473525
0.631916
0.626942
0.812769
0.497971
0.948332
0.877682
0.353343
0.320200
0.182836
0.970611
0.983856
0.804468
0.292306
0.887387
