0   9.211402
1   -2.406384
2   3.098544
3   -5.616932
4   7.864925
5   3.214514
6   6.375011
7   9.489731
8   -8.313547
9   -7.509690
10   -8.171941
11   6.760155
12   -1.448714
13   -2.838526
14   -1.844233
15   -1.640980
16   -2.793359
17   5.248268
18   8.492996
19   3.285317
20   -4.564654
21   9.080172
22   8.828700
23   4.637898
24   -9.254128
25   5.709708
26   9.265114
27   -1.670278
28   6.735740
29   0.331736
30   -3.743095
31   8.873867
32   8.237861
33   -6.660665
34   -6.047243
35   -2.142094
36   -1.614735
37   1.629384
38   2.761620
39   0.748619
40   -9.285256
41   -5.197607
42   -6.732688
43   -2.367931
44   -0.571612
45   -3.140660
46   3.632008
47   -6.469619
48   0.953093
49   -5.959349
50   -1.415753
51   -6.086917
52   9.906614
53   -0.585650
54   -1.852779
55   -8.973968
56   2.607197
57   -5.146947
58   -5.789056
59   6.668600
60   -8.751793
61   1.017792
62   3.086337
63   7.037263
64   1.855831
65   -4.028138
66   -7.846004
67   -4.730064
68   -0.834681
69   -6.945097
70   8.748741
71   -2.692648
72   -8.461867
73   -1.358989
74   9.384136
75   6.700339
76   -0.961638
77   0.400097
78   -2.535173
79   3.983581
80   -2.200690
81   6.696066
82   7.596972
83   -3.745537
84   3.808404
85   7.742851
86   4.617755
87   -7.438887
88   9.226050
89   -0.860317
90   -4.512772
91   0.744957
92   -5.630970
93   -1.580554
94   2.151860
95   1.343729
96   8.489333
97   -4.777063
98   -6.492203
99   4.201484
100   2.456435
